C:\Users\kumar\PyCharmMiscProject\.venv\Scripts\python.exe C:\Users\kumar\PyCharmMiscProject\RFfeatureanalysis.py 
1
D:/dimple paper again/experiments/2 Features\EightByEightZone1.csv
50  0.8393665158371041
100  0.8529411764705882
200  0.8552036199095022
300  0.8461538461538461
500  0.8484162895927602
1000  0.8506787330316742
1100  0.8506787330316742
1300  0.8529411764705882
1500  0.8506787330316742
D:/dimple paper again/experiments/2 Features\EightByEightZone10.csv
50  0.9153846153846154
100  0.9256410256410257
200  0.9230769230769231
300  0.9230769230769231
500  0.9205128205128205
1000  0.9205128205128205
1100  0.9205128205128205
1300  0.9179487179487179
1500  0.9179487179487179
D:/dimple paper again/experiments/2 Features\EightByEightZone11.csv
50  0.9153846153846154
100  0.9256410256410257
200  0.9230769230769231
300  0.9230769230769231
500  0.9205128205128205
1000  0.9205128205128205
1100  0.9205128205128205
1300  0.9179487179487179
1500  0.9179487179487179
D:/dimple paper again/experiments/2 Features\EightByEightZone12.csv
50  0.9256410256410257
100  0.9307692307692308
200  0.9435897435897436
300  0.9461538461538461
500  0.9435897435897436
1000  0.9435897435897436
1100  0.9461538461538461
1300  0.9461538461538461
1500  0.9461538461538461
D:/dimple paper again/experiments/2 Features\EightByEightZone2.csv
50  0.9076923076923077
100  0.9128205128205128
200  0.9153846153846154
300  0.9128205128205128
500  0.9153846153846154
1000  0.9179487179487179
1100  0.9153846153846154
1300  0.9179487179487179
1500  0.9179487179487179
D:/dimple paper again/experiments/2 Features\EightByEightZone3.csv
50  0.8435897435897436
100  0.8666666666666667
200  0.8794871794871795
300  0.8769230769230769
500  0.8871794871794871
1000  0.8897435897435897
1100  0.8923076923076924
1300  0.8948717948717949
1500  0.8974358974358975
D:/dimple paper again/experiments/2 Features\EightByEightZone4.csv
50  0.9128205128205128
100  0.9102564102564102
200  0.9205128205128205
300  0.9153846153846154
500  0.9128205128205128
1000  0.9102564102564102
1100  0.9076923076923077
1300  0.9128205128205128
1500  0.9153846153846154
D:/dimple paper again/experiments/2 Features\EightByEightZone5.csv
50  0.9078726968174204
100  0.9212730318257957
200  0.9229480737018425
300  0.9246231155778895
500  0.9229480737018425
1000  0.9246231155778895
1100  0.9246231155778895
1300  0.9246231155778895
1500  0.9246231155778895
D:/dimple paper again/experiments/2 Features\EightByEightZone6.csv
50  0.8897435897435897
100  0.8923076923076924
200  0.8974358974358975
300  0.9076923076923077
500  0.9025641025641026
1000  0.8948717948717949
1100  0.8974358974358975
1300  0.8974358974358975
1500  0.8974358974358975
D:/dimple paper again/experiments/2 Features\EightByEightZone7.csv
50  0.8846153846153846
100  0.8743589743589744
200  0.8692307692307693
300  0.8794871794871795
500  0.8897435897435897
1000  0.8846153846153846
1100  0.8871794871794871
1300  0.8871794871794871
1500  0.8846153846153846
D:/dimple paper again/experiments/2 Features\EightByEightZone8.csv
50  0.8762886597938144
100  0.872852233676976
200  0.8900343642611683
300  0.8865979381443299
500  0.8831615120274914
1000  0.8865979381443299
1100  0.8900343642611683
1300  0.8900343642611683
1500  0.8900343642611683
D:/dimple paper again/experiments/2 Features\EightByEightZone9.csv
50  0.9153846153846154
100  0.9256410256410257
200  0.9230769230769231
300  0.9230769230769231
500  0.9205128205128205
1000  0.9205128205128205
1100  0.9205128205128205
1300  0.9179487179487179
1500  0.9179487179487179
D:/dimple paper again/experiments/2 Features\HP1.csv
50  0.6266968325791855
100  0.6289592760180995
200  0.6606334841628959
300  0.6628959276018099
500  0.6493212669683258
1000  0.6583710407239819
1100  0.665158371040724
1300  0.665158371040724
1500  0.6628959276018099
D:/dimple paper again/experiments/2 Features\HP10.csv
50  0.7769230769230769
100  0.7974358974358975
200  0.8
300  0.8025641025641026
500  0.8051282051282052
1000  0.8051282051282052
1100  0.8051282051282052
1300  0.8025641025641026
1500  0.8051282051282052
D:/dimple paper again/experiments/2 Features\HP11.csv
50  0.7769230769230769
100  0.7974358974358975
200  0.8
300  0.8025641025641026
500  0.8051282051282052
1000  0.8051282051282052
1100  0.8051282051282052
1300  0.8025641025641026
1500  0.8051282051282052
D:/dimple paper again/experiments/2 Features\HP12.csv
50  0.8128205128205128
100  0.8205128205128205
200  0.8153846153846154
300  0.823076923076923
500  0.823076923076923
1000  0.8153846153846154
1100  0.8153846153846154
1300  0.8282051282051283
1500  0.8256410256410256
D:/dimple paper again/experiments/2 Features\HP2.csv
50  0.49743589743589745
100  0.5128205128205128
200  0.5333333333333333
300  0.541025641025641
500  0.5230769230769231
1000  0.5512820512820513
1100  0.5564102564102564
1300  0.5564102564102564
1500  0.5564102564102564
D:/dimple paper again/experiments/2 Features\HP3.csv
50  0.5487179487179488
100  0.5871794871794872
200  0.6
300  0.6076923076923076
500  0.5948717948717949
1000  0.6102564102564103
1100  0.6051282051282051
1300  0.6128205128205129
1500  0.6128205128205129
D:/dimple paper again/experiments/2 Features\HP4.csv
50  0.7897435897435897
100  0.7871794871794872
200  0.7974358974358975
300  0.8076923076923077
500  0.8128205128205128
1000  0.8153846153846154
1100  0.8153846153846154
1300  0.8153846153846154
1500  0.8102564102564103
D:/dimple paper again/experiments/2 Features\HP5.csv
50  0.7420435510887772
100  0.7487437185929648
200  0.7671691792294807
300  0.7671691792294807
500  0.7755443886097152
1000  0.7772194304857621
1100  0.7805695142378559
1300  0.7855946398659966
1500  0.7889447236180904
D:/dimple paper again/experiments/2 Features\HP6.csv
50  0.6846153846153846
100  0.6871794871794872
200  0.7
300  0.7025641025641025
500  0.7076923076923077
1000  0.7051282051282052
1100  0.7051282051282052
1300  0.7025641025641025
1500  0.7025641025641025
D:/dimple paper again/experiments/2 Features\HP7.csv
50  0.6948717948717948
100  0.7333333333333333
200  0.717948717948718
300  0.7128205128205128
500  0.717948717948718
1000  0.7205128205128205
1100  0.7153846153846154
1300  0.7205128205128205
1500  0.7256410256410256
D:/dimple paper again/experiments/2 Features\HP8.csv
50  0.5945017182130584
100  0.6116838487972509
200  0.6048109965635738
300  0.6082474226804123
500  0.6185567010309279
1000  0.6288659793814433
1100  0.6288659793814433
1300  0.6288659793814433
1500  0.6288659793814433
D:/dimple paper again/experiments/2 Features\HP9.csv
50  0.7769230769230769
100  0.7974358974358975
200  0.8
300  0.8025641025641026
500  0.8051282051282052
1000  0.8051282051282052
1100  0.8051282051282052
1300  0.8025641025641026
1500  0.8051282051282052
D:/dimple paper again/experiments/2 Features\RawPixelFeatures1.csv
50  0.834841628959276
100  0.8461538461538461
200  0.8484162895927602
300  0.8574660633484162
500  0.8552036199095022
1000  0.8597285067873304
1100  0.8642533936651584
1300  0.8597285067873304
1500  0.8597285067873304
D:/dimple paper again/experiments/2 Features\RawPixelFeatures10.csv
50  0.9102564102564102
100  0.9102564102564102
200  0.9179487179487179
300  0.9128205128205128
500  0.9128205128205128
1000  0.9128205128205128
1100  0.9128205128205128
1300  0.9153846153846154
1500  0.9179487179487179
D:/dimple paper again/experiments/2 Features\RawPixelFeatures11.csv
50  0.9102564102564102
100  0.9102564102564102
200  0.9179487179487179
300  0.9128205128205128
500  0.9128205128205128
1000  0.9128205128205128
1100  0.9128205128205128
1300  0.9153846153846154
1500  0.9179487179487179
D:/dimple paper again/experiments/2 Features\RawPixelFeatures12.csv
50  0.9358974358974359
100  0.9384615384615385
200  0.9435897435897436
300  0.9435897435897436
500  0.941025641025641
1000  0.941025641025641
1100  0.9461538461538461
1300  0.941025641025641
1500  0.9384615384615385
D:/dimple paper again/experiments/2 Features\RawPixelFeatures2.csv
50  0.6512820512820513
100  0.7205128205128205
200  0.7692307692307693
300  0.7794871794871795
500  0.7871794871794872
1000  0.782051282051282
1100  0.782051282051282
1300  0.8
1500  0.7871794871794872
D:/dimple paper again/experiments/2 Features\RawPixelFeatures3.csv
50  0.8666666666666667
100  0.8923076923076924
200  0.8897435897435897
300  0.9
500  0.9
1000  0.9
1100  0.9
1300  0.8974358974358975
1500  0.9025641025641026
D:/dimple paper again/experiments/2 Features\RawPixelFeatures4.csv
50  0.9205128205128205
100  0.9230769230769231
200  0.9153846153846154
300  0.9128205128205128
500  0.9179487179487179
1000  0.9205128205128205
1100  0.9205128205128205
1300  0.9205128205128205
1500  0.9205128205128205
D:/dimple paper again/experiments/2 Features\RawPixelFeatures5.csv
50  0.9095477386934674
100  0.9229480737018425
200  0.9296482412060302
300  0.9296482412060302
500  0.931323283082077
1000  0.931323283082077
1100  0.9296482412060302
1300  0.9296482412060302
1500  0.9296482412060302
D:/dimple paper again/experiments/2 Features\RawPixelFeatures6.csv
50  0.8794871794871795
100  0.882051282051282
200  0.8846153846153846
300  0.882051282051282
500  0.882051282051282
1000  0.8794871794871795
1100  0.882051282051282
1300  0.882051282051282
1500  0.8846153846153846
D:/dimple paper again/experiments/2 Features\RawPixelFeatures7.csv
50  0.8923076923076924
100  0.8974358974358975
200  0.9
300  0.9025641025641026
500  0.9051282051282051
1000  0.9
1100  0.9
1300  0.9076923076923077
1500  0.9
D:/dimple paper again/experiments/2 Features\RawPixelFeatures8.csv
50  0.8350515463917526
100  0.8419243986254296
200  0.852233676975945
300  0.852233676975945
500  0.852233676975945
1000  0.8556701030927835
1100  0.8556701030927835
1300  0.852233676975945
1500  0.8556701030927835
D:/dimple paper again/experiments/2 Features\RawPixelFeatures9.csv
50  0.9102564102564102
100  0.9102564102564102
200  0.9179487179487179
300  0.9128205128205128
500  0.9128205128205128
1000  0.9128205128205128
1100  0.9128205128205128
1300  0.9153846153846154
1500  0.9179487179487179
D:/dimple paper again/experiments/2 Features\TenByTenZone1.csv
50  0.8076923076923077
100  0.8280542986425339
200  0.830316742081448
300  0.8280542986425339
500  0.8212669683257918
1000  0.8371040723981901
1100  0.834841628959276
1300  0.8371040723981901
1500  0.8371040723981901
D:/dimple paper again/experiments/2 Features\TenByTenZone10.csv
50  0.9051282051282051
100  0.9102564102564102
200  0.9051282051282051
300  0.9076923076923077
500  0.9051282051282051
1000  0.9051282051282051
1100  0.9051282051282051
1300  0.9076923076923077
1500  0.9051282051282051
D:/dimple paper again/experiments/2 Features\TenByTenZone11.csv
50  0.9051282051282051
100  0.9102564102564102
200  0.9051282051282051
300  0.9076923076923077
500  0.9051282051282051
1000  0.9051282051282051
1100  0.9051282051282051
1300  0.9076923076923077
1500  0.9051282051282051
D:/dimple paper again/experiments/2 Features\TenByTenZone12.csv
50  0.9128205128205128
100  0.9128205128205128
200  0.9102564102564102
300  0.9076923076923077
500  0.9153846153846154
1000  0.9153846153846154
1100  0.9205128205128205
1300  0.9179487179487179
1500  0.9282051282051282
D:/dimple paper again/experiments/2 Features\TenByTenZone2.csv
50  0.8666666666666667
100  0.8692307692307693
200  0.8512820512820513
300  0.8538461538461538
500  0.8564102564102564
1000  0.8717948717948718
1100  0.8692307692307693
1300  0.8717948717948718
1500  0.882051282051282
D:/dimple paper again/experiments/2 Features\TenByTenZone3.csv
50  0.8179487179487179
100  0.841025641025641
200  0.8538461538461538
300  0.8564102564102564
500  0.8615384615384616
1000  0.8564102564102564
1100  0.8589743589743589
1300  0.8564102564102564
1500  0.8589743589743589
D:/dimple paper again/experiments/2 Features\TenByTenZone4.csv
50  0.8897435897435897
100  0.9076923076923077
200  0.9
300  0.8974358974358975
500  0.8974358974358975
1000  0.9051282051282051
1100  0.9051282051282051
1300  0.9025641025641026
1500  0.9025641025641026
D:/dimple paper again/experiments/2 Features\TenByTenZone5.csv
50  0.9045226130653267
100  0.9078726968174204
200  0.9061976549413735
300  0.9061976549413735
500  0.9061976549413735
1000  0.9179229480737019
1100  0.9195979899497487
1300  0.9179229480737019
1500  0.9179229480737019
D:/dimple paper again/experiments/2 Features\TenByTenZone6.csv
50  0.8487179487179487
100  0.8538461538461538
200  0.8564102564102564
300  0.8589743589743589
500  0.8589743589743589
1000  0.8538461538461538
1100  0.8615384615384616
1300  0.8615384615384616
1500  0.8615384615384616
D:/dimple paper again/experiments/2 Features\TenByTenZone7.csv
50  0.8205128205128205
100  0.8256410256410256
200  0.8307692307692308
300  0.8358974358974359
500  0.8435897435897436
1000  0.8384615384615385
1100  0.841025641025641
1300  0.8487179487179487
1500  0.8435897435897436
D:/dimple paper again/experiments/2 Features\TenByTenZone8.csv
50  0.8316151202749141
100  0.8350515463917526
200  0.845360824742268
300  0.8487972508591065
500  0.8487972508591065
1000  0.8487972508591065
1100  0.8487972508591065
1300  0.8487972508591065
1500  0.8487972508591065
D:/dimple paper again/experiments/2 Features\TenByTenZone9.csv
50  0.9051282051282051
100  0.9102564102564102
200  0.9051282051282051
300  0.9076923076923077
500  0.9051282051282051
1000  0.9051282051282051
1100  0.9051282051282051
1300  0.9076923076923077
1500  0.9051282051282051
D:/dimple paper again/experiments/2 Features\VP1.csv
50  0.579185520361991
100  0.579185520361991
200  0.5950226244343891
300  0.5972850678733032
500  0.5972850678733032
1000  0.6085972850678733
1100  0.6085972850678733
1300  0.6063348416289592
1500  0.6063348416289592
D:/dimple paper again/experiments/2 Features\VP10.csv
50  0.7769230769230769
100  0.782051282051282
200  0.7846153846153846
300  0.7846153846153846
500  0.7897435897435897
1000  0.7897435897435897
1100  0.7897435897435897
1300  0.7897435897435897
1500  0.7871794871794872
D:/dimple paper again/experiments/2 Features\VP11.csv
50  0.7769230769230769
100  0.782051282051282
200  0.7846153846153846
300  0.7846153846153846
500  0.7897435897435897
1000  0.7897435897435897
1100  0.7897435897435897
1300  0.7897435897435897
1500  0.7871794871794872
D:/dimple paper again/experiments/2 Features\VP12.csv
50  0.8307692307692308
100  0.8333333333333334
200  0.8282051282051283
300  0.8307692307692308
500  0.823076923076923
1000  0.8153846153846154
1100  0.8153846153846154
1300  0.8153846153846154
1500  0.823076923076923
D:/dimple paper again/experiments/2 Features\VP2.csv
50  0.49743589743589745
100  0.5128205128205128
200  0.4948717948717949
300  0.5102564102564102
500  0.5051282051282051
1000  0.5
1100  0.5025641025641026
1300  0.5
1500  0.5051282051282051
D:/dimple paper again/experiments/2 Features\VP3.csv
50  0.6282051282051282
100  0.6410256410256411
200  0.6384615384615384
300  0.6435897435897436
500  0.6358974358974359
1000  0.6384615384615384
1100  0.6358974358974359
1300  0.6410256410256411
1500  0.6358974358974359
D:/dimple paper again/experiments/2 Features\VP4.csv
50  0.7282051282051282
100  0.7487179487179487
200  0.7435897435897436
300  0.7512820512820513
500  0.7461538461538462
1000  0.7538461538461538
1100  0.7512820512820513
1300  0.7487179487179487
1500  0.7435897435897436
D:/dimple paper again/experiments/2 Features\VP5.csv
50  0.7303182579564489
100  0.7587939698492462
200  0.7705192629815746
300  0.7621440536013401
500  0.7621440536013401
1000  0.7587939698492462
1100  0.7587939698492462
1300  0.7604690117252931
1500  0.7604690117252931
D:/dimple paper again/experiments/2 Features\VP6.csv
50  0.6435897435897436
100  0.6538461538461539
200  0.6641025641025641
300  0.6743589743589744
500  0.6743589743589744
1000  0.6820512820512821
1100  0.6794871794871795
1300  0.676923076923077
1500  0.6743589743589744
D:/dimple paper again/experiments/2 Features\VP7.csv
50  0.6820512820512821
100  0.6897435897435897
200  0.6846153846153846
300  0.6871794871794872
500  0.6923076923076923
1000  0.6897435897435897
1100  0.6948717948717948
1300  0.6923076923076923
1500  0.6897435897435897
D:/dimple paper again/experiments/2 Features\VP8.csv
50  0.5979381443298969
100  0.6013745704467354
200  0.6116838487972509
300  0.6082474226804123
500  0.6391752577319587
1000  0.6219931271477663
1100  0.6185567010309279
1300  0.6219931271477663
1500  0.6219931271477663
D:/dimple paper again/experiments/2 Features\VP9.csv
50  0.7769230769230769
100  0.782051282051282
200  0.7846153846153846
300  0.7846153846153846
500  0.7897435897435897
1000  0.7897435897435897
1100  0.7897435897435897
1300  0.7897435897435897
1500  0.7871794871794872

--------------------------------------------------------------------------------
C:\Users\kumar\PyCharmMiscProject\.venv\Scripts\python.exe C:\Users\kumar\PyCharmMiscProject\RFfeatureanalysis.py 
D:/dimple paper again/experiments/2 Features\EightByEightZone13.csv
50  0.7538461538461538
100  0.7923076923076923
200  0.7923076923076923
300  0.8051282051282052
500  0.8076923076923077
1000  0.8102564102564103
1100  0.8128205128205128
1300  0.8128205128205128
1500  0.8051282051282052
D:/dimple paper again/experiments/2 Features\EightByEightZone14.csv
50  0.9
100  0.9025641025641026
200  0.9051282051282051
300  0.9128205128205128
500  0.9153846153846154
1000  0.9179487179487179
1100  0.9153846153846154
1300  0.9128205128205128
1500  0.9128205128205128
D:/dimple paper again/experiments/2 Features\EightByEightZone15.csv
50  0.8179487179487179
100  0.8051282051282052
200  0.8
300  0.8051282051282052
500  0.8102564102564103
1000  0.8153846153846154
1100  0.8153846153846154
1300  0.8153846153846154
1500  0.8153846153846154
D:/dimple paper again/experiments/2 Features\HP13.csv
50  0.658974358974359
100  0.6820512820512821
200  0.6846153846153846
300  0.6923076923076923
500  0.6820512820512821
1000  0.6871794871794872
1100  0.6871794871794872
1300  0.6871794871794872
1500  0.6846153846153846
D:/dimple paper again/experiments/2 Features\HP14.csv
50  0.8282051282051283
100  0.8256410256410256
200  0.8179487179487179
300  0.8128205128205128
500  0.8205128205128205
1000  0.8205128205128205
1100  0.8179487179487179
1300  0.8205128205128205
1500  0.8205128205128205
D:/dimple paper again/experiments/2 Features\HP15.csv
50  0.7410256410256411
100  0.7333333333333333
200  0.7487179487179487
300  0.7461538461538462
500  0.7512820512820513
1000  0.7512820512820513
1100  0.7512820512820513
1300  0.7487179487179487
1500  0.7461538461538462
D:/dimple paper again/experiments/2 Features\RawPixelFeatures13.csv
50  0.7538461538461538
100  0.7871794871794872
200  0.8025641025641026
300  0.7974358974358975
500  0.7846153846153846
1000  0.8
1100  0.8
1300  0.8102564102564103
1500  0.8051282051282052
D:/dimple paper again/experiments/2 Features\RawPixelFeatures14.csv
50  0.8897435897435897
100  0.9025641025641026
200  0.9025641025641026
300  0.9051282051282051
500  0.9
1000  0.9076923076923077
1100  0.9076923076923077
1300  0.9076923076923077
1500  0.9153846153846154
D:/dimple paper again/experiments/2 Features\RawPixelFeatures15.csv
50  0.7897435897435897
100  0.7871794871794872
200  0.8
300  0.8
500  0.8076923076923077
1000  0.8128205128205128
1100  0.8128205128205128
1300  0.8128205128205128
1500  0.8179487179487179
D:/dimple paper again/experiments/2 Features\TenByTenZone13.csv
50  0.7
100  0.7205128205128205
200  0.7435897435897436
300  0.7461538461538462
500  0.7461538461538462
1000  0.7461538461538462
1100  0.7461538461538462
1300  0.7487179487179487
1500  0.7512820512820513
D:/dimple paper again/experiments/2 Features\TenByTenZone14.csv
50  0.8871794871794871
100  0.8974358974358975
200  0.9
300  0.8974358974358975
500  0.8923076923076924
1000  0.8948717948717949
1100  0.8923076923076924
1300  0.8923076923076924
1500  0.8974358974358975
D:/dimple paper again/experiments/2 Features\TenByTenZone15.csv
50  0.7743589743589744
100  0.782051282051282
200  0.782051282051282
300  0.7897435897435897
500  0.7846153846153846
1000  0.7923076923076923
1100  0.7897435897435897
1300  0.7974358974358975
1500  0.8
D:/dimple paper again/experiments/2 Features\VP13.csv
50  0.4666666666666667
100  0.46153846153846156
200  0.4897435897435897
300  0.4897435897435897
500  0.5
1000  0.48717948717948717
1100  0.4948717948717949
1300  0.4897435897435897
1500  0.4948717948717949
D:/dimple paper again/experiments/2 Features\VP14.csv
50  0.7666666666666667
100  0.7846153846153846
200  0.7974358974358975
300  0.7794871794871795
500  0.782051282051282
1000  0.7717948717948718
1100  0.7743589743589744
1300  0.7692307692307693
1500  0.7666666666666667
D:/dimple paper again/experiments/2 Features\VP15.csv
50  0.5025641025641026
100  0.48717948717948717
200  0.5025641025641026
300  0.49743589743589745
500  0.5051282051282051
1000  0.5051282051282051
1100  0.5025641025641026
1300  0.5025641025641026
1500  0.5051282051282051

Process finished with exit code 0

C:\Users\kumar\PyCharmMiscProject\.venv\Scripts\python.exe C:\Users\kumar\PyCharmMiscProject\RFfeatureanalysis.py 
D:/dimple paper again/experiments/2 Features\EightByEightZone16.csv
50  0.9051282051282051
100  0.9102564102564102
200  0.9205128205128205
300  0.9256410256410257
500  0.9384615384615385
1000  0.9307692307692308
1100  0.9307692307692308
1300  0.9358974358974359
1500  0.9307692307692308
D:/dimple paper again/experiments/2 Features\HP16.csv
50  0.7948717948717948
100  0.7794871794871795
200  0.7923076923076923
300  0.7897435897435897
500  0.7846153846153846
1000  0.7897435897435897
1100  0.7923076923076923
1300  0.7923076923076923
1500  0.7923076923076923
D:/dimple paper again/experiments/2 Features\RawPixelFeatures16.csv
50  0.9307692307692308
100  0.9230769230769231
200  0.9307692307692308
300  0.9256410256410257
500  0.9256410256410257
1000  0.941025641025641
1100  0.9384615384615385
1300  0.941025641025641
1500  0.941025641025641
D:/dimple paper again/experiments/2 Features\TenByTenZone16.csv
50  0.9051282051282051
100  0.9025641025641026
200  0.9102564102564102
300  0.9102564102564102
500  0.9025641025641026
1000  0.9076923076923077
1100  0.9076923076923077
1300  0.9102564102564102
1500  0.9076923076923077
D:/dimple paper again/experiments/2 Features\VP16.csv
50  0.7512820512820513
100  0.7769230769230769
200  0.782051282051282
300  0.7769230769230769
500  0.7743589743589744
1000  0.7794871794871795
1100  0.782051282051282
1300  0.7769230769230769
1500  0.782051282051282

Process finished with exit code 0



