
EightByEightZone1.csv
5   1   0.8167420814479638
5   2   0.8235294117647058
7   1   0.8144796380090498
7   2   0.830316742081448
9   1   0.8190045248868778
9   2   0.8122171945701357
13   1   0.7828054298642534
13   2   0.7941176470588235
15   1   0.7669683257918553
15   2   0.7941176470588235
17   1   0.753393665158371
17   2   0.7782805429864253
19   1   0.7420814479638009
19   2   0.7601809954751131
25   1   0.7262443438914027
25   2   0.7285067873303167
27   1   0.7217194570135747
27   2   0.7239819004524887
29   1   0.7149321266968326
29   2   0.7171945701357466
31   1   0.7058823529411765
31   2   0.7149321266968326
51   1   0.6561085972850679
51   2   0.6493212669683258
101   1   0.5588235294117647
101   2   0.5520361990950227
201   1   0.4343891402714932
201   2   0.43665158371040724
301   1   0.334841628959276
301   2   0.3393665158371041
501   1   0.19004524886877827
501   2   0.19909502262443438
601   1   0.1493212669683258
601   2   0.13800904977375567
EightByEightZone10.csv
5   1   0.8333333333333334
5   2   0.8487179487179487
7   1   0.8282051282051283
7   2   0.841025641025641
9   1   0.7923076923076923
9   2   0.8153846153846154
13   1   0.764102564102564
13   2   0.8076923076923077
15   1   0.7615384615384615
15   2   0.8051282051282052
17   1   0.7564102564102564
17   2   0.8128205128205128
19   1   0.7538461538461538
19   2   0.7974358974358975
25   1   0.717948717948718
25   2   0.7538461538461538
27   1   0.7102564102564103
27   2   0.7461538461538462
29   1   0.7025641025641025
29   2   0.7435897435897436
31   1   0.7051282051282052
31   2   0.7307692307692307
51   1   0.6564102564102564
51   2   0.6743589743589744
101   1   0.5717948717948718
101   2   0.5820512820512821
201   1   0.4
201   2   0.4256410256410256
301   1   0.3153846153846154
301   2   0.30512820512820515
501   1   0.1717948717948718
501   2   0.16153846153846155
601   1   0.11282051282051282
601   2   0.11025641025641025
EightByEightZone11.csv
5   1   0.8333333333333334
5   2   0.8487179487179487
7   1   0.8282051282051283
7   2   0.841025641025641
9   1   0.7923076923076923
9   2   0.8153846153846154
13   1   0.764102564102564
13   2   0.8076923076923077
15   1   0.7615384615384615
15   2   0.8051282051282052
17   1   0.7564102564102564
17   2   0.8128205128205128
19   1   0.7538461538461538
19   2   0.7974358974358975
25   1   0.717948717948718
25   2   0.7538461538461538
27   1   0.7102564102564103
27   2   0.7461538461538462
29   1   0.7025641025641025
29   2   0.7435897435897436
31   1   0.7051282051282052
31   2   0.7307692307692307
51   1   0.6564102564102564
51   2   0.6743589743589744
101   1   0.5717948717948718
101   2   0.5820512820512821
201   1   0.4
201   2   0.4256410256410256
301   1   0.3153846153846154
301   2   0.30512820512820515
501   1   0.1717948717948718
501   2   0.16153846153846155
601   1   0.11282051282051282
601   2   0.11025641025641025
EightByEightZone12.csv
5   1   0.8564102564102564
5   2   0.8384615384615385
7   1   0.8256410256410256
7   2   0.8538461538461538
9   1   0.8307692307692308
9   2   0.841025641025641
13   1   0.8076923076923077
13   2   0.8179487179487179
15   1   0.7794871794871795
15   2   0.8025641025641026
17   1   0.7589743589743589
17   2   0.8
19   1   0.7538461538461538
19   2   0.8025641025641026
25   1   0.7461538461538462
25   2   0.7871794871794872
27   1   0.7230769230769231
27   2   0.7692307692307693
29   1   0.7333333333333333
29   2   0.764102564102564
31   1   0.7487179487179487
31   2   0.7615384615384615
51   1   0.6717948717948717
51   2   0.7128205128205128
101   1   0.5769230769230769
101   2   0.5794871794871795
201   1   0.41794871794871796
201   2   0.41025641025641024
301   1   0.3128205128205128
301   2   0.33076923076923076
501   1   0.18205128205128204
501   2   0.1564102564102564
601   1   0.11538461538461539
601   2   0.12564102564102564
EightByEightZone2.csv
5   1   0.8358974358974359
5   2   0.8282051282051283
7   1   0.8282051282051283
7   2   0.8256410256410256
9   1   0.8333333333333334
9   2   0.8256410256410256
13   1   0.8128205128205128
13   2   0.8025641025641026
15   1   0.8128205128205128
15   2   0.7923076923076923
17   1   0.7974358974358975
17   2   0.8051282051282052
19   1   0.7846153846153846
19   2   0.8
25   1   0.7692307692307693
25   2   0.7666666666666667
27   1   0.7564102564102564
27   2   0.7666666666666667
29   1   0.7615384615384615
29   2   0.7615384615384615
31   1   0.7615384615384615
31   2   0.7512820512820513
51   1   0.7256410256410256
51   2   0.7153846153846154
101   1   0.6128205128205129
101   2   0.6051282051282051
201   1   0.4564102564102564
201   2   0.4282051282051282
301   1   0.34615384615384615
301   2   0.29743589743589743
501   1   0.14102564102564102
501   2   0.15384615384615385
601   1   0.12051282051282051
601   2   0.11025641025641025
EightByEightZone3.csv
5   1   0.8435897435897436
5   2   0.8333333333333334
7   1   0.823076923076923
7   2   0.8384615384615385
9   1   0.8102564102564103
9   2   0.8307692307692308
13   1   0.7923076923076923
13   2   0.8102564102564103
15   1   0.782051282051282
15   2   0.7923076923076923
17   1   0.7666666666666667
17   2   0.7948717948717948
19   1   0.7564102564102564
19   2   0.7923076923076923
25   1   0.7307692307692307
25   2   0.7538461538461538
27   1   0.7230769230769231
27   2   0.7538461538461538
29   1   0.7282051282051282
29   2   0.7564102564102564
31   1   0.717948717948718
31   2   0.7461538461538462
51   1   0.6820512820512821
51   2   0.6846153846153846
101   1   0.6205128205128205
101   2   0.6205128205128205
201   1   0.44871794871794873
201   2   0.4256410256410256
301   1   0.32051282051282054
301   2   0.3153846153846154
501   1   0.17692307692307693
501   2   0.16666666666666666
601   1   0.13076923076923078
601   2   0.12564102564102564
EightByEightZone4.csv
5   1   0.841025641025641
5   2   0.8538461538461538
7   1   0.8153846153846154
7   2   0.823076923076923
9   1   0.8153846153846154
9   2   0.8179487179487179
13   1   0.8025641025641026
13   2   0.7948717948717948
15   1   0.8051282051282052
15   2   0.7948717948717948
17   1   0.7897435897435897
17   2   0.8076923076923077
19   1   0.7666666666666667
19   2   0.8
25   1   0.7564102564102564
25   2   0.7846153846153846
27   1   0.7538461538461538
27   2   0.782051282051282
29   1   0.7512820512820513
29   2   0.764102564102564
31   1   0.7384615384615385
31   2   0.7512820512820513
51   1   0.7205128205128205
51   2   0.7025641025641025
101   1   0.5743589743589743
101   2   0.6025641025641025
201   1   0.3923076923076923
201   2   0.38461538461538464
301   1   0.2846153846153846
301   2   0.3
501   1   0.13333333333333333
501   2   0.14102564102564102
601   1   0.10512820512820513
601   2   0.1
EightByEightZone5.csv
5   1   0.8693467336683417
5   2   0.8676716917922948
7   1   0.8592964824120602
7   2   0.8626465661641541
9   1   0.8592964824120602
9   2   0.8525963149078727
13   1   0.8341708542713567
13   2   0.8425460636515912
15   1   0.830820770519263
15   2   0.8391959798994975
17   1   0.8174204355108877
17   2   0.8391959798994975
19   1   0.8123953098827471
19   2   0.8291457286432161
25   1   0.8023450586264657
25   2   0.8056951423785594
27   1   0.7939698492462312
27   2   0.8023450586264657
29   1   0.7939698492462312
29   2   0.8023450586264657
31   1   0.7906197654941374
31   2   0.8073701842546064
51   1   0.7370184254606366
51   2   0.7537688442211056
101   1   0.678391959798995
101   2   0.6649916247906198
201   1   0.5678391959798995
201   2   0.5778894472361809
301   1   0.49581239530988275
301   2   0.5008375209380235
501   1   0.34338358458961477
501   2   0.33835845896147404
601   1   0.2780569514237856
601   2   0.2864321608040201
EightByEightZone6.csv
5   1   0.8102564102564103
5   2   0.8128205128205128
7   1   0.7948717948717948
7   2   0.8205128205128205
9   1   0.7948717948717948
9   2   0.8076923076923077
13   1   0.7666666666666667
13   2   0.7769230769230769
15   1   0.7564102564102564
15   2   0.7846153846153846
17   1   0.7615384615384615
17   2   0.7615384615384615
19   1   0.7410256410256411
19   2   0.7589743589743589
25   1   0.7076923076923077
25   2   0.735897435897436
27   1   0.6948717948717948
27   2   0.7282051282051282
29   1   0.6897435897435897
29   2   0.7384615384615385
31   1   0.6846153846153846
31   2   0.7307692307692307
51   1   0.6538461538461539
51   2   0.6615384615384615
101   1   0.5641025641025641
101   2   0.5769230769230769
201   1   0.4282051282051282
201   2   0.4461538461538462
301   1   0.3282051282051282
301   2   0.35384615384615387
501   1   0.17435897435897435
501   2   0.16923076923076924
601   1   0.11794871794871795
601   2   0.10512820512820513
EightByEightZone7.csv
5   1   0.8102564102564103
5   2   0.7948717948717948
7   1   0.7948717948717948
7   2   0.8
9   1   0.8256410256410256
9   2   0.8102564102564103
13   1   0.7769230769230769
13   2   0.7871794871794872
15   1   0.7717948717948718
15   2   0.7692307692307693
17   1   0.7794871794871795
17   2   0.7589743589743589
19   1   0.7564102564102564
19   2   0.7538461538461538
25   1   0.7487179487179487
25   2   0.7564102564102564
27   1   0.7410256410256411
27   2   0.7589743589743589
29   1   0.735897435897436
29   2   0.7435897435897436
31   1   0.7307692307692307
31   2   0.7307692307692307
51   1   0.7
51   2   0.6948717948717948
101   1   0.6230769230769231
101   2   0.6333333333333333
201   1   0.4846153846153846
201   2   0.48205128205128206
301   1   0.41025641025641024
301   2   0.37435897435897436
501   1   0.18717948717948718
501   2   0.18205128205128204
601   1   0.12564102564102564
601   2   0.12564102564102564
EightByEightZone8.csv
5   1   0.7766323024054983
5   2   0.7560137457044673
7   1   0.7835051546391752
7   2   0.7628865979381443
9   1   0.7731958762886598
9   2   0.7628865979381443
13   1   0.7525773195876289
13   2   0.7491408934707904
15   1   0.7663230240549829
15   2   0.7560137457044673
17   1   0.7491408934707904
17   2   0.7422680412371134
19   1   0.7457044673539519
19   2   0.738831615120275
25   1   0.7079037800687286
25   2   0.7079037800687286
27   1   0.7010309278350515
27   2   0.7010309278350515
29   1   0.6838487972508591
29   2   0.6838487972508591
31   1   0.6666666666666666
31   2   0.6838487972508591
51   1   0.6426116838487973
51   2   0.6632302405498282
101   1   0.5498281786941581
101   2   0.5395189003436426
201   1   0.35738831615120276
201   2   0.3848797250859107
301   1   0.27835051546391754
301   2   0.28865979381443296
501   1   0.10309278350515463
501   2   0.09621993127147767
601   1   0.027491408934707903
601   2   0.030927835051546393
EightByEightZone9.csv
5   1   0.8333333333333334
5   2   0.8487179487179487
7   1   0.8282051282051283
7   2   0.841025641025641
9   1   0.7923076923076923
9   2   0.8153846153846154
13   1   0.764102564102564
13   2   0.8076923076923077
15   1   0.7615384615384615
15   2   0.8051282051282052
17   1   0.7564102564102564
17   2   0.8128205128205128
19   1   0.7538461538461538
19   2   0.7974358974358975
25   1   0.717948717948718
25   2   0.7538461538461538
27   1   0.7102564102564103
27   2   0.7461538461538462
29   1   0.7025641025641025
29   2   0.7435897435897436
31   1   0.7051282051282052
31   2   0.7307692307692307
51   1   0.6564102564102564
51   2   0.6743589743589744
101   1   0.5717948717948718
101   2   0.5820512820512821
201   1   0.4
201   2   0.4256410256410256
301   1   0.3153846153846154
301   2   0.30512820512820515
501   1   0.1717948717948718
501   2   0.16153846153846155
601   1   0.11282051282051282
601   2   0.11025641025641025
HP1.csv
5   1   0.6108597285067874
5   2   0.5339366515837104
7   1   0.5882352941176471
7   2   0.5542986425339367
9   1   0.581447963800905
9   2   0.5271493212669683
13   1   0.5475113122171946
13   2   0.5135746606334841
15   1   0.5226244343891403
15   2   0.48642533936651583
17   1   0.5226244343891403
17   2   0.47285067873303166
19   1   0.5452488687782805
19   2   0.4660633484162896
25   1   0.5067873303167421
25   2   0.4683257918552036
27   1   0.5113122171945701
27   2   0.46153846153846156
29   1   0.5
29   2   0.45475113122171945
31   1   0.497737556561086
31   2   0.45701357466063347
51   1   0.45475113122171945
51   2   0.4343891402714932
101   1   0.39819004524886875
101   2   0.3438914027149321
201   1   0.3212669683257919
201   2   0.27828054298642535
301   1   0.2239819004524887
301   2   0.2081447963800905
501   1   0.11764705882352941
501   2   0.11085972850678733
601   1   0.07692307692307693
601   2   0.07918552036199095
HP10.csv
5   1   0.6307692307692307
5   2   0.5948717948717949
7   1   0.5948717948717949
7   2   0.558974358974359
9   1   0.5666666666666667
9   2   0.5435897435897435
13   1   0.5435897435897435
13   2   0.5
15   1   0.541025641025641
15   2   0.49743589743589745
17   1   0.5461538461538461
17   2   0.4948717948717949
19   1   0.5205128205128206
19   2   0.4846153846153846
25   1   0.517948717948718
25   2   0.4666666666666667
27   1   0.5076923076923077
27   2   0.4641025641025641
29   1   0.5256410256410257
29   2   0.45897435897435895
31   1   0.517948717948718
31   2   0.4461538461538462
51   1   0.4794871794871795
51   2   0.4307692307692308
101   1   0.4256410256410256
101   2   0.40512820512820513
201   1   0.3076923076923077
201   2   0.28205128205128205
301   1   0.21794871794871795
301   2   0.19487179487179487
501   1   0.09743589743589744
501   2   0.09487179487179487
601   1   0.06666666666666667
601   2   0.06153846153846154
HP11.csv
5   1   0.6307692307692307
5   2   0.5948717948717949
7   1   0.5948717948717949
7   2   0.558974358974359
9   1   0.5666666666666667
9   2   0.5435897435897435
13   1   0.5435897435897435
13   2   0.5
15   1   0.541025641025641
15   2   0.49743589743589745
17   1   0.5461538461538461
17   2   0.4948717948717949
19   1   0.5205128205128206
19   2   0.4846153846153846
25   1   0.517948717948718
25   2   0.4666666666666667
27   1   0.5076923076923077
27   2   0.4641025641025641
29   1   0.5256410256410257
29   2   0.45897435897435895
31   1   0.517948717948718
31   2   0.4461538461538462
51   1   0.4794871794871795
51   2   0.4307692307692308
101   1   0.4256410256410256
101   2   0.40512820512820513
201   1   0.3076923076923077
201   2   0.28205128205128205
301   1   0.21794871794871795
301   2   0.19487179487179487
501   1   0.09743589743589744
501   2   0.09487179487179487
601   1   0.06666666666666667
601   2   0.06153846153846154
HP12.csv
5   1   0.6692307692307692
5   2   0.6538461538461539
7   1   0.6230769230769231
7   2   0.6025641025641025
9   1   0.6051282051282051
9   2   0.6
13   1   0.6076923076923076
13   2   0.5666666666666667
15   1   0.6
15   2   0.5692307692307692
17   1   0.5794871794871795
17   2   0.5717948717948718
19   1   0.5692307692307692
19   2   0.5666666666666667
25   1   0.5717948717948718
25   2   0.5512820512820513
27   1   0.5666666666666667
27   2   0.5230769230769231
29   1   0.5435897435897435
29   2   0.5051282051282051
31   1   0.5282051282051282
31   2   0.5
51   1   0.5051282051282051
51   2   0.46153846153846156
101   1   0.45384615384615384
101   2   0.382051282051282
201   1   0.33076923076923076
201   2   0.30512820512820515
301   1   0.2205128205128205
301   2   0.2
501   1   0.10512820512820513
501   2   0.08974358974358974
601   1   0.0641025641025641
601   2   0.06666666666666667
HP2.csv
5   1   0.5512820512820513
5   2   0.541025641025641
7   1   0.5282051282051282
7   2   0.5282051282051282
9   1   0.5358974358974359
9   2   0.5333333333333333
13   1   0.5461538461538461
13   2   0.5153846153846153
15   1   0.541025641025641
15   2   0.5282051282051282
17   1   0.5487179487179488
17   2   0.5205128205128206
19   1   0.5512820512820513
19   2   0.5128205128205128
25   1   0.5435897435897435
25   2   0.5282051282051282
27   1   0.5564102564102564
27   2   0.5076923076923077
29   1   0.541025641025641
29   2   0.5076923076923077
31   1   0.5205128205128206
31   2   0.5128205128205128
51   1   0.5076923076923077
51   2   0.4846153846153846
101   1   0.44871794871794873
101   2   0.41025641025641024
201   1   0.35128205128205126
201   2   0.3384615384615385
301   1   0.2358974358974359
301   2   0.20512820512820512
501   1   0.09743589743589744
501   2   0.11538461538461539
601   1   0.05641025641025641
601   2   0.0641025641025641
HP3.csv
5   1   0.5307692307692308
5   2   0.46153846153846156
7   1   0.5128205128205128
7   2   0.44358974358974357
9   1   0.5128205128205128
9   2   0.4358974358974359
13   1   0.517948717948718
13   2   0.44358974358974357
15   1   0.5051282051282051
15   2   0.4205128205128205
17   1   0.49743589743589745
17   2   0.41025641025641024
19   1   0.49230769230769234
19   2   0.41025641025641024
25   1   0.4846153846153846
25   2   0.4076923076923077
27   1   0.48205128205128206
27   2   0.4076923076923077
29   1   0.46923076923076923
29   2   0.4128205128205128
31   1   0.46153846153846156
31   2   0.3974358974358974
51   1   0.44358974358974357
51   2   0.3871794871794872
101   1   0.3871794871794872
101   2   0.3230769230769231
201   1   0.31025641025641026
201   2   0.24102564102564103
301   1   0.21025641025641026
301   2   0.17692307692307693
501   1   0.07692307692307693
501   2   0.07948717948717948
601   1   0.0641025641025641
601   2   0.06153846153846154
HP4.csv
5   1   0.6410256410256411
5   2   0.6
7   1   0.6076923076923076
7   2   0.5871794871794872
9   1   0.6128205128205129
9   2   0.5820512820512821
13   1   0.5897435897435898
13   2   0.5769230769230769
15   1   0.5794871794871795
15   2   0.5846153846153846
17   1   0.5846153846153846
17   2   0.5666666666666667
19   1   0.5666666666666667
19   2   0.5461538461538461
25   1   0.5487179487179488
25   2   0.5256410256410257
27   1   0.5461538461538461
27   2   0.5230769230769231
29   1   0.5358974358974359
29   2   0.5256410256410257
31   1   0.5230769230769231
31   2   0.5076923076923077
51   1   0.48717948717948717
51   2   0.4512820512820513
101   1   0.4076923076923077
101   2   0.4
201   1   0.3384615384615385
201   2   0.2717948717948718
301   1   0.21794871794871795
301   2   0.18974358974358974
501   1   0.07179487179487179
501   2   0.08205128205128205
601   1   0.04358974358974359
601   2   0.05128205128205128
HP5.csv
5   1   0.6063651591289783
5   2   0.5293132328308208
7   1   0.5845896147403685
7   2   0.5142378559463987
9   1   0.559463986599665
9   2   0.5309882747068677
13   1   0.5360134003350083
13   2   0.5142378559463987
15   1   0.5393634840871022
15   2   0.5025125628140703
17   1   0.5175879396984925
17   2   0.49413735343383586
19   1   0.5209380234505863
19   2   0.4807370184254606
25   1   0.5008375209380235
25   2   0.47068676716917923
27   1   0.49581239530988275
27   2   0.47068676716917923
29   1   0.48408710217755446
29   2   0.47068676716917923
31   1   0.47906197654941374
31   2   0.4824120603015075
51   1   0.4639865996649916
51   2   0.4438860971524288
101   1   0.45226130653266333
101   2   0.4355108877721943
201   1   0.4036850921273032
201   2   0.38023450586264657
301   1   0.35678391959798994
301   2   0.3417085427135678
501   1   0.2914572864321608
501   2   0.2780569514237856
601   1   0.22948073701842547
601   2   0.20938023450586266
HP6.csv
5   1   0.5820512820512821
5   2   0.49743589743589745
7   1   0.5717948717948718
7   2   0.49743589743589745
9   1   0.5487179487179488
9   2   0.49743589743589745
13   1   0.5384615384615384
13   2   0.5025641025641026
15   1   0.5538461538461539
15   2   0.5025641025641026
17   1   0.5384615384615384
17   2   0.48717948717948717
19   1   0.5282051282051282
19   2   0.48205128205128206
25   1   0.47692307692307695
25   2   0.46153846153846156
27   1   0.4794871794871795
27   2   0.4512820512820513
29   1   0.4794871794871795
29   2   0.44358974358974357
31   1   0.47692307692307695
31   2   0.45384615384615384
51   1   0.441025641025641
51   2   0.4
101   1   0.37435897435897436
101   2   0.358974358974359
201   1   0.28717948717948716
201   2   0.24615384615384617
301   1   0.19230769230769232
301   2   0.1794871794871795
501   1   0.09743589743589744
501   2   0.08461538461538462
601   1   0.08461538461538462
601   2   0.07692307692307693
HP7.csv
5   1   0.5333333333333333
5   2   0.3923076923076923
7   1   0.5333333333333333
7   2   0.3923076923076923
9   1   0.5384615384615384
9   2   0.4
13   1   0.5307692307692308
13   2   0.4128205128205128
15   1   0.5205128205128206
15   2   0.4025641025641026
17   1   0.5153846153846153
17   2   0.40512820512820513
19   1   0.49743589743589745
19   2   0.4
25   1   0.4794871794871795
25   2   0.382051282051282
27   1   0.4717948717948718
27   2   0.3717948717948718
29   1   0.4717948717948718
29   2   0.3717948717948718
31   1   0.4564102564102564
31   2   0.36666666666666664
51   1   0.4282051282051282
51   2   0.3230769230769231
101   1   0.3923076923076923
101   2   0.3128205128205128
201   1   0.3384615384615385
201   2   0.2512820512820513
301   1   0.2512820512820513
301   2   0.2153846153846154
501   1   0.14871794871794872
501   2   0.11538461538461539
601   1   0.08717948717948718
601   2   0.08717948717948718
HP8.csv
5   1   0.5154639175257731
5   2   0.4639175257731959
7   1   0.4879725085910653
7   2   0.4570446735395189
9   1   0.4570446735395189
9   2   0.45017182130584193
13   1   0.422680412371134
13   2   0.41237113402061853
15   1   0.4261168384879725
15   2   0.422680412371134
17   1   0.45017182130584193
17   2   0.3917525773195876
19   1   0.42955326460481097
19   2   0.40893470790378006
25   1   0.3951890034364261
25   2   0.3848797250859107
27   1   0.3745704467353952
27   2   0.3917525773195876
29   1   0.3711340206185567
29   2   0.36769759450171824
31   1   0.3745704467353952
31   2   0.36769759450171824
51   1   0.35051546391752575
51   2   0.3333333333333333
101   1   0.2920962199312715
101   2   0.29553264604810997
201   1   0.2508591065292096
201   2   0.24398625429553264
301   1   0.20618556701030927
301   2   0.21305841924398625
501   1   0.08247422680412371
501   2   0.08247422680412371
601   1   0.027491408934707903
601   2   0.024054982817869417
HP9.csv
5   1   0.6307692307692307
5   2   0.5948717948717949
7   1   0.5948717948717949
7   2   0.558974358974359
9   1   0.5666666666666667
9   2   0.5435897435897435
13   1   0.5435897435897435
13   2   0.5
15   1   0.541025641025641
15   2   0.49743589743589745
17   1   0.5461538461538461
17   2   0.4948717948717949
19   1   0.5205128205128206
19   2   0.4846153846153846
25   1   0.517948717948718
25   2   0.4666666666666667
27   1   0.5076923076923077
27   2   0.4641025641025641
29   1   0.5256410256410257
29   2   0.45897435897435895
31   1   0.517948717948718
31   2   0.4461538461538462
51   1   0.4794871794871795
51   2   0.4307692307692308
101   1   0.4256410256410256
101   2   0.40512820512820513
201   1   0.3076923076923077
201   2   0.28205128205128205
301   1   0.21794871794871795
301   2   0.19487179487179487
501   1   0.09743589743589744
501   2   0.09487179487179487
601   1   0.06666666666666667
601   2   0.06153846153846154
RawPixelFeatures1.csv
5   1   0.7692307692307693
5   2   0.7669683257918553
7   1   0.744343891402715
7   2   0.7398190045248869
9   1   0.755656108597285
9   2   0.7579185520361991
13   1   0.7194570135746606
13   2   0.7239819004524887
15   1   0.7171945701357466
15   2   0.7194570135746606
17   1   0.6990950226244343
17   2   0.7036199095022625
19   1   0.6900452488687783
19   2   0.6990950226244343
25   1   0.6719457013574661
25   2   0.6764705882352942
27   1   0.6561085972850679
27   2   0.665158371040724
29   1   0.6493212669683258
29   2   0.669683257918552
31   1   0.6583710407239819
31   2   0.669683257918552
51   1   0.6040723981900452
51   2   0.6040723981900452
101   1   0.5497737556561086
101   2   0.5475113122171946
201   1   0.4298642533936652
201   2   0.43665158371040724
301   1   0.3438914027149321
301   2   0.35294117647058826
501   1   0.2081447963800905
501   2   0.21266968325791855
601   1   0.12895927601809956
601   2   0.13122171945701358
RawPixelFeatures10.csv
5   1   0.8333333333333334
5   2   0.8333333333333334
7   1   0.8128205128205128
7   2   0.8153846153846154
9   1   0.8076923076923077
9   2   0.8153846153846154
13   1   0.7692307692307693
13   2   0.7794871794871795
15   1   0.7717948717948718
15   2   0.7743589743589744
17   1   0.7666666666666667
17   2   0.7666666666666667
19   1   0.7461538461538462
19   2   0.7461538461538462
25   1   0.7307692307692307
25   2   0.7333333333333333
27   1   0.7153846153846154
27   2   0.7256410256410256
29   1   0.7128205128205128
29   2   0.717948717948718
31   1   0.6974358974358974
31   2   0.7051282051282052
51   1   0.6538461538461539
51   2   0.6512820512820513
101   1   0.5923076923076923
101   2   0.6025641025641025
201   1   0.38461538461538464
201   2   0.38974358974358975
301   1   0.30256410256410254
301   2   0.3076923076923077
501   1   0.18717948717948718
501   2   0.18717948717948718
601   1   0.1282051282051282
601   2   0.12564102564102564
RawPixelFeatures11.csv
5   1   0.8333333333333334
5   2   0.8333333333333334
7   1   0.8128205128205128
7   2   0.8153846153846154
9   1   0.8076923076923077
9   2   0.8153846153846154
13   1   0.7692307692307693
13   2   0.7794871794871795
15   1   0.7717948717948718
15   2   0.7743589743589744
17   1   0.7666666666666667
17   2   0.7666666666666667
19   1   0.7461538461538462
19   2   0.7461538461538462
25   1   0.7307692307692307
25   2   0.7333333333333333
27   1   0.7153846153846154
27   2   0.7256410256410256
29   1   0.7128205128205128
29   2   0.717948717948718
31   1   0.6974358974358974
31   2   0.7051282051282052
51   1   0.6538461538461539
51   2   0.6512820512820513
101   1   0.5923076923076923
101   2   0.6025641025641025
201   1   0.38461538461538464
201   2   0.38974358974358975
301   1   0.30256410256410254
301   2   0.3076923076923077
501   1   0.18717948717948718
501   2   0.18717948717948718
601   1   0.1282051282051282
601   2   0.12564102564102564
RawPixelFeatures12.csv
5   1   0.8128205128205128
5   2   0.8179487179487179
7   1   0.8051282051282052
7   2   0.8179487179487179
9   1   0.8153846153846154
9   2   0.8153846153846154
13   1   0.782051282051282
13   2   0.7666666666666667
15   1   0.7717948717948718
15   2   0.7692307692307693
17   1   0.7717948717948718
17   2   0.7743589743589744
19   1   0.7666666666666667
19   2   0.764102564102564
25   1   0.7153846153846154
25   2   0.7256410256410256
27   1   0.7051282051282052
27   2   0.7153846153846154
29   1   0.7
29   2   0.7128205128205128
31   1   0.7051282051282052
31   2   0.7051282051282052
51   1   0.6461538461538462
51   2   0.6384615384615384
101   1   0.5538461538461539
101   2   0.5641025641025641
201   1   0.4282051282051282
201   2   0.4153846153846154
301   1   0.34615384615384615
301   2   0.35384615384615387
501   1   0.18717948717948718
501   2   0.18461538461538463
601   1   0.13846153846153847
601   2   0.14615384615384616
RawPixelFeatures2.csv
5   1   0.5538461538461539
5   2   0.5256410256410257
7   1   0.5153846153846153
7   2   0.5051282051282051
9   1   0.4846153846153846
9   2   0.4897435897435897
13   1   0.46153846153846156
13   2   0.4564102564102564
15   1   0.441025641025641
15   2   0.4512820512820513
17   1   0.4307692307692308
17   2   0.4282051282051282
19   1   0.41025641025641024
19   2   0.4230769230769231
25   1   0.3769230769230769
25   2   0.3769230769230769
27   1   0.36153846153846153
27   2   0.3564102564102564
29   1   0.36153846153846153
29   2   0.35128205128205126
31   1   0.34615384615384615
31   2   0.35384615384615387
51   1   0.34102564102564104
51   2   0.3230769230769231
101   1   0.28974358974358977
101   2   0.29743589743589743
201   1   0.24871794871794872
201   2   0.258974358974359
301   1   0.18205128205128204
301   2   0.20512820512820512
501   1   0.11025641025641025
501   2   0.09487179487179487
601   1   0.05897435897435897
601   2   0.05384615384615385
RawPixelFeatures3.csv
5   1   0.841025641025641
5   2   0.841025641025641
7   1   0.8153846153846154
7   2   0.8179487179487179
9   1   0.8205128205128205
9   2   0.8153846153846154
13   1   0.7974358974358975
13   2   0.7897435897435897
15   1   0.8051282051282052
15   2   0.8025641025641026
17   1   0.8025641025641026
17   2   0.7948717948717948
19   1   0.7794871794871795
19   2   0.7794871794871795
25   1   0.7615384615384615
25   2   0.764102564102564
27   1   0.7538461538461538
27   2   0.7564102564102564
29   1   0.7487179487179487
29   2   0.7512820512820513
31   1   0.7512820512820513
31   2   0.7512820512820513
51   1   0.7
51   2   0.6974358974358974
101   1   0.6051282051282051
101   2   0.6128205128205129
201   1   0.4230769230769231
201   2   0.4205128205128205
301   1   0.28717948717948716
301   2   0.28974358974358977
501   1   0.18205128205128204
501   2   0.18205128205128204
601   1   0.13076923076923078
601   2   0.12564102564102564
RawPixelFeatures4.csv
5   1   0.8307692307692308
5   2   0.8307692307692308
7   1   0.8282051282051283
7   2   0.8282051282051283
9   1   0.8
9   2   0.8102564102564103
13   1   0.7846153846153846
13   2   0.7897435897435897
15   1   0.782051282051282
15   2   0.782051282051282
17   1   0.7743589743589744
17   2   0.7743589743589744
19   1   0.764102564102564
19   2   0.7564102564102564
25   1   0.7589743589743589
25   2   0.7512820512820513
27   1   0.7461538461538462
27   2   0.7435897435897436
29   1   0.7461538461538462
29   2   0.7512820512820513
31   1   0.7282051282051282
31   2   0.7384615384615385
51   1   0.6897435897435897
51   2   0.6846153846153846
101   1   0.5641025641025641
101   2   0.5717948717948718
201   1   0.3923076923076923
201   2   0.38461538461538464
301   1   0.3076923076923077
301   2   0.2923076923076923
501   1   0.1641025641025641
501   2   0.15897435897435896
601   1   0.11538461538461539
601   2   0.12307692307692308
RawPixelFeatures5.csv
5   1   0.8458961474036851
5   2   0.847571189279732
7   1   0.8341708542713567
7   2   0.830820770519263
9   1   0.8358458961474037
9   2   0.8358458961474037
13   1   0.8123953098827471
13   2   0.8107202680067002
15   1   0.8056951423785594
15   2   0.7989949748743719
17   1   0.8023450586264657
17   2   0.8040201005025126
19   1   0.7939698492462312
19   2   0.7956448911222781
25   1   0.7705192629815746
25   2   0.7671691792294807
27   1   0.7654941373534339
27   2   0.7671691792294807
29   1   0.7638190954773869
29   2   0.7604690117252931
31   1   0.7554438860971524
31   2   0.7453936348408711
51   1   0.6984924623115578
51   2   0.6968174204355109
101   1   0.644891122278057
101   2   0.6515912897822446
201   1   0.5628140703517588
201   2   0.5527638190954773
301   1   0.5025125628140703
301   2   0.507537688442211
501   1   0.36515912897822445
501   2   0.37185929648241206
601   1   0.2998324958123953
601   2   0.31155778894472363
RawPixelFeatures6.csv
5   1   0.7974358974358975
5   2   0.7974358974358975
7   1   0.7948717948717948
7   2   0.7794871794871795
9   1   0.7692307692307693
9   2   0.7615384615384615
13   1   0.7153846153846154
13   2   0.7333333333333333
15   1   0.7102564102564103
15   2   0.717948717948718
17   1   0.7
17   2   0.7076923076923077
19   1   0.6974358974358974
19   2   0.6897435897435897
25   1   0.6794871794871795
25   2   0.658974358974359
27   1   0.6794871794871795
27   2   0.6666666666666666
29   1   0.6743589743589744
29   2   0.6743589743589744
31   1   0.6692307692307692
31   2   0.6717948717948717
51   1   0.6102564102564103
51   2   0.5948717948717949
101   1   0.5333333333333333
101   2   0.5128205128205128
201   1   0.4512820512820513
201   2   0.43333333333333335
301   1   0.3333333333333333
301   2   0.34615384615384615
501   1   0.20512820512820512
501   2   0.2
601   1   0.13846153846153847
601   2   0.14615384615384616
RawPixelFeatures7.csv
5   1   0.7974358974358975
5   2   0.7948717948717948
7   1   0.7897435897435897
7   2   0.7794871794871795
9   1   0.7846153846153846
9   2   0.7743589743589744
13   1   0.7794871794871795
13   2   0.7846153846153846
15   1   0.7666666666666667
15   2   0.7717948717948718
17   1   0.7615384615384615
17   2   0.7564102564102564
19   1   0.7435897435897436
19   2   0.7435897435897436
25   1   0.717948717948718
25   2   0.7102564102564103
27   1   0.7128205128205128
27   2   0.7128205128205128
29   1   0.7051282051282052
29   2   0.7205128205128205
31   1   0.7102564102564103
31   2   0.7153846153846154
51   1   0.6820512820512821
51   2   0.6794871794871795
101   1   0.6410256410256411
101   2   0.6384615384615384
201   1   0.5205128205128206
201   2   0.5282051282051282
301   1   0.4205128205128205
301   2   0.4128205128205128
501   1   0.20512820512820512
501   2   0.21025641025641026
601   1   0.1564102564102564
601   2   0.1564102564102564
RawPixelFeatures8.csv
5   1   0.7422680412371134
5   2   0.7491408934707904
7   1   0.711340206185567
7   2   0.718213058419244
9   1   0.7216494845360825
9   2   0.7216494845360825
13   1   0.7319587628865979
13   2   0.7353951890034365
15   1   0.697594501718213
15   2   0.7010309278350515
17   1   0.6872852233676976
17   2   0.6872852233676976
19   1   0.6838487972508591
19   2   0.6838487972508591
25   1   0.6872852233676976
25   2   0.6735395189003437
27   1   0.6804123711340206
27   2   0.6941580756013745
29   1   0.6838487972508591
29   2   0.6838487972508591
31   1   0.6769759450171822
31   2   0.6769759450171822
51   1   0.5979381443298969
51   2   0.6013745704467354
101   1   0.47079037800687284
101   2   0.48109965635738833
201   1   0.3711340206185567
201   2   0.35738831615120276
301   1   0.2852233676975945
301   2   0.29553264604810997
501   1   0.09965635738831616
501   2   0.09621993127147767
601   1   0.03436426116838488
601   2   0.03436426116838488
RawPixelFeatures9.csv
5   1   0.8333333333333334
5   2   0.8333333333333334
7   1   0.8128205128205128
7   2   0.8153846153846154
9   1   0.8076923076923077
9   2   0.8153846153846154
13   1   0.7692307692307693
13   2   0.7794871794871795
15   1   0.7717948717948718
15   2   0.7743589743589744
17   1   0.7666666666666667
17   2   0.7666666666666667
19   1   0.7461538461538462
19   2   0.7461538461538462
25   1   0.7307692307692307
25   2   0.7333333333333333
27   1   0.7153846153846154
27   2   0.7256410256410256
29   1   0.7128205128205128
29   2   0.717948717948718
31   1   0.6974358974358974
31   2   0.7051282051282052
51   1   0.6538461538461539
51   2   0.6512820512820513
101   1   0.5923076923076923
101   2   0.6025641025641025
201   1   0.38461538461538464
201   2   0.38974358974358975
301   1   0.30256410256410254
301   2   0.3076923076923077
501   1   0.18717948717948718
501   2   0.18717948717948718
601   1   0.1282051282051282
601   2   0.12564102564102564
TenByTenZone1.csv
5   1   0.7692307692307693
5   2   0.7624434389140271
7   1   0.7805429864253394
7   2   0.7760180995475113
9   1   0.755656108597285
9   2   0.7669683257918553
13   1   0.7307692307692307
13   2   0.751131221719457
15   1   0.7239819004524887
15   2   0.7285067873303167
17   1   0.7217194570135747
17   2   0.7104072398190046
19   1   0.7171945701357466
19   2   0.7217194570135747
25   1   0.7058823529411765
25   2   0.6877828054298643
27   1   0.6877828054298643
27   2   0.6764705882352942
29   1   0.6877828054298643
29   2   0.6832579185520362
31   1   0.6877828054298643
31   2   0.6742081447963801
51   1   0.6289592760180995
51   2   0.6380090497737556
101   1   0.5452488687782805
101   2   0.5429864253393665
201   1   0.37104072398190047
201   2   0.4095022624434389
301   1   0.29411764705882354
301   2   0.2918552036199095
501   1   0.18552036199095023
501   2   0.18099547511312217
601   1   0.13574660633484162
601   2   0.1334841628959276
TenByTenZone10.csv
5   1   0.8282051282051283
5   2   0.8538461538461538
7   1   0.8205128205128205
7   2   0.841025641025641
9   1   0.7897435897435897
9   2   0.8205128205128205
13   1   0.7692307692307693
13   2   0.8
15   1   0.7692307692307693
15   2   0.7948717948717948
17   1   0.7564102564102564
17   2   0.8
19   1   0.7333333333333333
19   2   0.7769230769230769
25   1   0.7051282051282052
25   2   0.7461538461538462
27   1   0.7025641025641025
27   2   0.7410256410256411
29   1   0.7025641025641025
29   2   0.7256410256410256
31   1   0.6897435897435897
31   2   0.7153846153846154
51   1   0.6358974358974359
51   2   0.6307692307692307
101   1   0.541025641025641
101   2   0.5230769230769231
201   1   0.36923076923076925
201   2   0.382051282051282
301   1   0.27692307692307694
301   2   0.2923076923076923
501   1   0.18205128205128204
501   2   0.19230769230769232
601   1   0.13333333333333333
601   2   0.12051282051282051
TenByTenZone11.csv
5   1   0.8282051282051283
5   2   0.8538461538461538
7   1   0.8205128205128205
7   2   0.841025641025641
9   1   0.7897435897435897
9   2   0.8205128205128205
13   1   0.7692307692307693
13   2   0.8
15   1   0.7692307692307693
15   2   0.7948717948717948
17   1   0.7564102564102564
17   2   0.8
19   1   0.7333333333333333
19   2   0.7769230769230769
25   1   0.7051282051282052
25   2   0.7461538461538462
27   1   0.7025641025641025
27   2   0.7410256410256411
29   1   0.7025641025641025
29   2   0.7256410256410256
31   1   0.6897435897435897
31   2   0.7153846153846154
51   1   0.6358974358974359
51   2   0.6307692307692307
101   1   0.541025641025641
101   2   0.5230769230769231
201   1   0.36923076923076925
201   2   0.382051282051282
301   1   0.27692307692307694
301   2   0.2923076923076923
501   1   0.18205128205128204
501   2   0.19230769230769232
601   1   0.13333333333333333
601   2   0.12051282051282051
TenByTenZone12.csv
5   1   0.8179487179487179
5   2   0.8358974358974359
7   1   0.7974358974358975
7   2   0.8282051282051283
9   1   0.7923076923076923
9   2   0.8102564102564103
13   1   0.7794871794871795
13   2   0.8102564102564103
15   1   0.7666666666666667
15   2   0.7871794871794872
17   1   0.7564102564102564
17   2   0.782051282051282
19   1   0.7461538461538462
19   2   0.7692307692307693
25   1   0.7153846153846154
25   2   0.7538461538461538
27   1   0.7076923076923077
27   2   0.7384615384615385
29   1   0.6923076923076923
29   2   0.7230769230769231
31   1   0.6794871794871795
31   2   0.7256410256410256
51   1   0.6384615384615384
51   2   0.6564102564102564
101   1   0.5282051282051282
101   2   0.5512820512820513
201   1   0.4205128205128205
201   2   0.4153846153846154
301   1   0.3153846153846154
301   2   0.30256410256410254
501   1   0.18717948717948718
501   2   0.16923076923076924
601   1   0.14102564102564102
601   2   0.1282051282051282
TenByTenZone2.csv
5   1   0.8051282051282052
5   2   0.8256410256410256
7   1   0.8025641025641026
7   2   0.8153846153846154
9   1   0.8051282051282052
9   2   0.8076923076923077
13   1   0.7948717948717948
13   2   0.8076923076923077
15   1   0.7717948717948718
15   2   0.7974358974358975
17   1   0.7769230769230769
17   2   0.7871794871794872
19   1   0.7692307692307693
19   2   0.7666666666666667
25   1   0.735897435897436
25   2   0.7333333333333333
27   1   0.7282051282051282
27   2   0.735897435897436
29   1   0.7282051282051282
29   2   0.7512820512820513
31   1   0.7102564102564103
31   2   0.7487179487179487
51   1   0.6615384615384615
51   2   0.6743589743589744
101   1   0.558974358974359
101   2   0.5641025641025641
201   1   0.4256410256410256
201   2   0.4
301   1   0.3076923076923077
301   2   0.2923076923076923
501   1   0.1717948717948718
501   2   0.16666666666666666
601   1   0.11538461538461539
601   2   0.11794871794871795
TenByTenZone3.csv
5   1   0.8153846153846154
5   2   0.8051282051282052
7   1   0.8
7   2   0.8
9   1   0.7794871794871795
9   2   0.782051282051282
13   1   0.7615384615384615
13   2   0.7769230769230769
15   1   0.7538461538461538
15   2   0.7666666666666667
17   1   0.7538461538461538
17   2   0.7615384615384615
19   1   0.7410256410256411
19   2   0.7487179487179487
25   1   0.7333333333333333
25   2   0.7256410256410256
27   1   0.7230769230769231
27   2   0.7230769230769231
29   1   0.7282051282051282
29   2   0.7102564102564103
31   1   0.7205128205128205
31   2   0.7
51   1   0.6487179487179487
51   2   0.6410256410256411
101   1   0.5743589743589743
101   2   0.5461538461538461
201   1   0.4128205128205128
201   2   0.43846153846153846
301   1   0.32051282051282054
301   2   0.3153846153846154
501   1   0.17435897435897435
501   2   0.15897435897435896
601   1   0.11794871794871795
601   2   0.1076923076923077
TenByTenZone4.csv
5   1   0.8307692307692308
5   2   0.823076923076923
7   1   0.8051282051282052
7   2   0.8
9   1   0.7794871794871795
9   2   0.7871794871794872
13   1   0.7769230769230769
13   2   0.7794871794871795
15   1   0.7564102564102564
15   2   0.7615384615384615
17   1   0.7435897435897436
17   2   0.7717948717948718
19   1   0.7333333333333333
19   2   0.7743589743589744
25   1   0.7282051282051282
25   2   0.7307692307692307
27   1   0.7333333333333333
27   2   0.7256410256410256
29   1   0.7256410256410256
29   2   0.7256410256410256
31   1   0.7076923076923077
31   2   0.7307692307692307
51   1   0.6615384615384615
51   2   0.6487179487179487
101   1   0.5794871794871795
101   2   0.5666666666666667
201   1   0.3435897435897436
201   2   0.31794871794871793
301   1   0.258974358974359
301   2   0.23333333333333334
501   1   0.14358974358974358
501   2   0.12564102564102564
601   1   0.10256410256410256
601   2   0.1076923076923077
TenByTenZone5.csv
5   1   0.8509212730318257
5   2   0.8542713567839196
7   1   0.8291457286432161
7   2   0.8391959798994975
9   1   0.830820770519263
9   2   0.8274706867671692
13   1   0.8107202680067002
13   2   0.8174204355108877
15   1   0.7956448911222781
15   2   0.8073701842546064
17   1   0.7922948073701842
17   2   0.7989949748743719
19   1   0.7906197654941374
19   2   0.8006700167504187
25   1   0.7839195979899497
25   2   0.7872696817420436
27   1   0.7755443886097152
27   2   0.7822445561139029
29   1   0.7721943048576214
29   2   0.7738693467336684
31   1   0.7621440536013401
31   2   0.7688442211055276
51   1   0.7420435510887772
51   2   0.7453936348408711
101   1   0.6817420435510888
101   2   0.6750418760469011
201   1   0.5896147403685092
201   2   0.5544388609715243
301   1   0.4991624790619765
301   2   0.509212730318258
501   1   0.3852596314907873
501   2   0.3869346733668342
601   1   0.3132328308207705
601   2   0.3232830820770519
TenByTenZone6.csv
5   1   0.7538461538461538
5   2   0.7769230769230769
7   1   0.7384615384615385
7   2   0.7666666666666667
9   1   0.7487179487179487
9   2   0.7461538461538462
13   1   0.7282051282051282
13   2   0.7333333333333333
15   1   0.7102564102564103
15   2   0.717948717948718
17   1   0.6846153846153846
17   2   0.7102564102564103
19   1   0.7
19   2   0.7153846153846154
25   1   0.6666666666666666
25   2   0.6794871794871795
27   1   0.6820512820512821
27   2   0.6743589743589744
29   1   0.6641025641025641
29   2   0.6615384615384615
31   1   0.6564102564102564
31   2   0.6538461538461539
51   1   0.6102564102564103
51   2   0.6128205128205129
101   1   0.5435897435897435
101   2   0.5205128205128206
201   1   0.38974358974358975
201   2   0.4
301   1   0.33076923076923076
301   2   0.28974358974358977
501   1   0.15128205128205127
501   2   0.14615384615384616
601   1   0.1076923076923077
601   2   0.1282051282051282
TenByTenZone7.csv
5   1   0.764102564102564
5   2   0.7769230769230769
7   1   0.8076923076923077
7   2   0.7692307692307693
9   1   0.782051282051282
9   2   0.7666666666666667
13   1   0.7717948717948718
13   2   0.7692307692307693
15   1   0.7564102564102564
15   2   0.7692307692307693
17   1   0.7538461538461538
17   2   0.7717948717948718
19   1   0.7615384615384615
19   2   0.7512820512820513
25   1   0.7333333333333333
25   2   0.7282051282051282
27   1   0.7256410256410256
27   2   0.7102564102564103
29   1   0.7076923076923077
29   2   0.7230769230769231
31   1   0.7
31   2   0.7153846153846154
51   1   0.6538461538461539
51   2   0.6282051282051282
101   1   0.6025641025641025
101   2   0.5641025641025641
201   1   0.49230769230769234
201   2   0.47435897435897434
301   1   0.37435897435897436
301   2   0.3564102564102564
501   1   0.2230769230769231
501   2   0.19487179487179487
601   1   0.1358974358974359
601   2   0.14358974358974358
TenByTenZone8.csv
5   1   0.7319587628865979
5   2   0.738831615120275
7   1   0.738831615120275
7   2   0.7457044673539519
9   1   0.7560137457044673
9   2   0.7457044673539519
13   1   0.7285223367697594
13   2   0.7285223367697594
15   1   0.7285223367697594
15   2   0.7319587628865979
17   1   0.7079037800687286
17   2   0.7285223367697594
19   1   0.697594501718213
19   2   0.7010309278350515
25   1   0.6666666666666666
25   2   0.6907216494845361
27   1   0.6701030927835051
27   2   0.6632302405498282
29   1   0.6666666666666666
29   2   0.6701030927835051
31   1   0.6632302405498282
31   2   0.6563573883161512
51   1   0.6116838487972509
51   2   0.6494845360824743
101   1   0.5017182130584192
101   2   0.4948453608247423
201   1   0.35051546391752575
201   2   0.3470790378006873
301   1   0.25773195876288657
301   2   0.26804123711340205
501   1   0.07560137457044673
501   2   0.08247422680412371
601   1   0.041237113402061855
601   2   0.03436426116838488
TenByTenZone9.csv
5   1   0.8282051282051283
5   2   0.8538461538461538
7   1   0.8205128205128205
7   2   0.841025641025641
9   1   0.7897435897435897
9   2   0.8205128205128205
13   1   0.7692307692307693
13   2   0.8
15   1   0.7692307692307693
15   2   0.7948717948717948
17   1   0.7564102564102564
17   2   0.8
19   1   0.7333333333333333
19   2   0.7769230769230769
25   1   0.7051282051282052
25   2   0.7461538461538462
27   1   0.7025641025641025
27   2   0.7410256410256411
29   1   0.7025641025641025
29   2   0.7256410256410256
31   1   0.6897435897435897
31   2   0.7153846153846154
51   1   0.6358974358974359
51   2   0.6307692307692307
101   1   0.541025641025641
101   2   0.5230769230769231
201   1   0.36923076923076925
201   2   0.382051282051282
301   1   0.27692307692307694
301   2   0.2923076923076923
501   1   0.18205128205128204
501   2   0.19230769230769232
601   1   0.13333333333333333
601   2   0.12051282051282051
VP1.csv
5   1   0.5294117647058824
5   2   0.5067873303167421
7   1   0.5316742081447964
7   2   0.4841628959276018
9   1   0.502262443438914
9   2   0.4796380090497738
13   1   0.4796380090497738
13   2   0.41402714932126694
15   1   0.4638009049773756
15   2   0.4004524886877828
17   1   0.45248868778280543
17   2   0.4095022624434389
19   1   0.4434389140271493
19   2   0.40497737556561086
25   1   0.41855203619909503
25   2   0.3914027149321267
27   1   0.416289592760181
27   2   0.38009049773755654
29   1   0.39592760180995473
29   2   0.3778280542986425
31   1   0.4004524886877828
31   2   0.38235294117647056
51   1   0.38235294117647056
51   2   0.33710407239819007
101   1   0.30995475113122173
101   2   0.2669683257918552
201   1   0.23529411764705882
201   2   0.19230769230769232
301   1   0.19457013574660634
301   2   0.15384615384615385
501   1   0.083710407239819
501   2   0.07239819004524888
601   1   0.038461538461538464
601   2   0.04072398190045249
VP10.csv
5   1   0.5846153846153846
5   2   0.5512820512820513
7   1   0.5641025641025641
7   2   0.5205128205128206
9   1   0.5256410256410257
9   2   0.47692307692307695
13   1   0.4948717948717949
13   2   0.45897435897435895
15   1   0.49743589743589745
15   2   0.44871794871794873
17   1   0.46153846153846156
17   2   0.4307692307692308
19   1   0.4512820512820513
19   2   0.4025641025641026
25   1   0.4256410256410256
25   2   0.36666666666666664
27   1   0.4153846153846154
27   2   0.36153846153846153
29   1   0.4128205128205128
29   2   0.37435897435897436
31   1   0.41025641025641024
31   2   0.38461538461538464
51   1   0.36666666666666664
51   2   0.3153846153846154
101   1   0.30512820512820515
101   2   0.21794871794871795
201   1   0.24615384615384617
201   2   0.18974358974358974
301   1   0.19743589743589743
301   2   0.15128205128205127
501   1   0.11025641025641025
501   2   0.10256410256410256
601   1   0.09487179487179487
601   2   0.06666666666666667
VP11.csv
5   1   0.5846153846153846
5   2   0.5512820512820513
7   1   0.5641025641025641
7   2   0.5205128205128206
9   1   0.5256410256410257
9   2   0.47692307692307695
13   1   0.4948717948717949
13   2   0.45897435897435895
15   1   0.49743589743589745
15   2   0.44871794871794873
17   1   0.46153846153846156
17   2   0.4307692307692308
19   1   0.4512820512820513
19   2   0.4025641025641026
25   1   0.4256410256410256
25   2   0.36666666666666664
27   1   0.4153846153846154
27   2   0.36153846153846153
29   1   0.4128205128205128
29   2   0.37435897435897436
31   1   0.41025641025641024
31   2   0.38461538461538464
51   1   0.36666666666666664
51   2   0.3153846153846154
101   1   0.30512820512820515
101   2   0.21794871794871795
201   1   0.24615384615384617
201   2   0.18974358974358974
301   1   0.19743589743589743
301   2   0.15128205128205127
501   1   0.11025641025641025
501   2   0.10256410256410256
601   1   0.09487179487179487
601   2   0.06666666666666667
VP12.csv
5   1   0.5769230769230769
5   2   0.5282051282051282
7   1   0.5282051282051282
7   2   0.5025641025641026
9   1   0.5102564102564102
9   2   0.48717948717948717
13   1   0.47692307692307695
13   2   0.48717948717948717
15   1   0.4897435897435897
15   2   0.4564102564102564
17   1   0.4666666666666667
17   2   0.4307692307692308
19   1   0.45897435897435895
19   2   0.4307692307692308
25   1   0.4512820512820513
25   2   0.39487179487179486
27   1   0.44358974358974357
27   2   0.38974358974358975
29   1   0.43846153846153846
29   2   0.3923076923076923
31   1   0.4307692307692308
31   2   0.3974358974358974
51   1   0.40512820512820513
51   2   0.35384615384615387
101   1   0.3282051282051282
101   2   0.28717948717948716
201   1   0.2564102564102564
201   2   0.1794871794871795
301   1   0.23076923076923078
301   2   0.17692307692307693
501   1   0.1717948717948718
501   2   0.13333333333333333
601   1   0.13333333333333333
601   2   0.10512820512820513
VP2.csv
5   1   0.4794871794871795
5   2   0.45384615384615384
7   1   0.4794871794871795
7   2   0.44358974358974357
9   1   0.4846153846153846
9   2   0.4461538461538462
13   1   0.441025641025641
13   2   0.4282051282051282
15   1   0.4205128205128205
15   2   0.41794871794871796
17   1   0.4256410256410256
17   2   0.3923076923076923
19   1   0.4230769230769231
19   2   0.382051282051282
25   1   0.4
25   2   0.37948717948717947
27   1   0.40512820512820513
27   2   0.36666666666666664
29   1   0.3923076923076923
29   2   0.35128205128205126
31   1   0.37948717948717947
31   2   0.34102564102564104
51   1   0.34615384615384615
51   2   0.32051282051282054
101   1   0.3076923076923077
101   2   0.24615384615384617
201   1   0.258974358974359
201   2   0.2
301   1   0.20256410256410257
301   2   0.14871794871794872
501   1   0.14615384615384616
501   2   0.11025641025641025
601   1   0.09230769230769231
601   2   0.07692307692307693
VP3.csv
5   1   0.5461538461538461
5   2   0.5256410256410257
7   1   0.5358974358974359
7   2   0.5025641025641026
9   1   0.5
9   2   0.4897435897435897
13   1   0.49230769230769234
13   2   0.4564102564102564
15   1   0.47692307692307695
15   2   0.44358974358974357
17   1   0.4641025641025641
17   2   0.41025641025641024
19   1   0.4512820512820513
19   2   0.4128205128205128
25   1   0.4256410256410256
25   2   0.39487179487179486
27   1   0.4205128205128205
27   2   0.38461538461538464
29   1   0.4128205128205128
29   2   0.3923076923076923
31   1   0.3974358974358974
31   2   0.382051282051282
51   1   0.36666666666666664
51   2   0.31794871794871793
101   1   0.28205128205128205
101   2   0.24102564102564103
201   1   0.2205128205128205
201   2   0.18974358974358974
301   1   0.19743589743589743
301   2   0.1717948717948718
501   1   0.16666666666666666
501   2   0.13846153846153847
601   1   0.1076923076923077
601   2   0.1076923076923077
VP4.csv
5   1   0.5615384615384615
5   2   0.5153846153846153
7   1   0.5358974358974359
7   2   0.4897435897435897
9   1   0.5205128205128206
9   2   0.47435897435897434
13   1   0.4948717948717949
13   2   0.4358974358974359
15   1   0.4641025641025641
15   2   0.4282051282051282
17   1   0.46923076923076923
17   2   0.4025641025641026
19   1   0.4564102564102564
19   2   0.3769230769230769
25   1   0.4256410256410256
25   2   0.34102564102564104
27   1   0.41794871794871796
27   2   0.3333333333333333
29   1   0.41794871794871796
29   2   0.32564102564102565
31   1   0.4076923076923077
31   2   0.3282051282051282
51   1   0.37435897435897436
51   2   0.28974358974358977
101   1   0.29743589743589743
101   2   0.19743589743589743
201   1   0.2230769230769231
201   2   0.1717948717948718
301   1   0.17692307692307693
301   2   0.13333333333333333
501   1   0.12564102564102564
501   2   0.11794871794871795
601   1   0.10256410256410256
601   2   0.07948717948717948
VP5.csv
5   1   0.6080402010050251
5   2   0.5628140703517588
7   1   0.5561139028475712
7   2   0.5293132328308208
9   1   0.5460636515912898
9   2   0.507537688442211
13   1   0.507537688442211
13   2   0.47068676716917923
15   1   0.5025125628140703
15   2   0.4623115577889447
17   1   0.5025125628140703
17   2   0.4539363484087102
19   1   0.48743718592964824
19   2   0.4338358458961474
25   1   0.4455611390284757
25   2   0.4221105527638191
27   1   0.4489112227805695
27   2   0.4120603015075377
29   1   0.4539363484087102
29   2   0.40703517587939697
31   1   0.45058626465661644
31   2   0.39865996649916247
51   1   0.41708542713567837
51   2   0.37520938023450584
101   1   0.35343383584589616
101   2   0.3132328308207705
201   1   0.2981574539363484
201   2   0.24455611390284757
301   1   0.25963149078726966
301   2   0.21775544388609716
501   1   0.22110552763819097
501   2   0.15912897822445563
601   1   0.19262981574539365
601   2   0.1373534338358459
VP6.csv
5   1   0.5128205128205128
5   2   0.4666666666666667
7   1   0.47692307692307695
7   2   0.4307692307692308
9   1   0.47692307692307695
9   2   0.4128205128205128
13   1   0.43846153846153846
13   2   0.4076923076923077
15   1   0.4307692307692308
15   2   0.4025641025641026
17   1   0.43846153846153846
17   2   0.4025641025641026
19   1   0.4282051282051282
19   2   0.3923076923076923
25   1   0.4205128205128205
25   2   0.38461538461538464
27   1   0.41025641025641024
27   2   0.36923076923076925
29   1   0.4025641025641026
29   2   0.36666666666666664
31   1   0.4076923076923077
31   2   0.36666666666666664
51   1   0.3717948717948718
51   2   0.3487179487179487
101   1   0.3153846153846154
101   2   0.25384615384615383
201   1   0.24871794871794872
201   2   0.2076923076923077
301   1   0.23076923076923078
301   2   0.1794871794871795
501   1   0.11282051282051282
501   2   0.1
601   1   0.06923076923076923
601   2   0.07179487179487179
VP7.csv
5   1   0.5076923076923077
5   2   0.45897435897435895
7   1   0.48205128205128206
7   2   0.45384615384615384
9   1   0.48205128205128206
9   2   0.4512820512820513
13   1   0.4948717948717949
13   2   0.44358974358974357
15   1   0.48717948717948717
15   2   0.45384615384615384
17   1   0.48205128205128206
17   2   0.441025641025641
19   1   0.47692307692307695
19   2   0.4282051282051282
25   1   0.4717948717948718
25   2   0.4076923076923077
27   1   0.4512820512820513
27   2   0.4025641025641026
29   1   0.4512820512820513
29   2   0.3923076923076923
31   1   0.43846153846153846
31   2   0.4025641025641026
51   1   0.41794871794871796
51   2   0.4025641025641026
101   1   0.37948717948717947
101   2   0.30256410256410254
201   1   0.26153846153846155
201   2   0.23846153846153847
301   1   0.2205128205128205
301   2   0.20256410256410257
501   1   0.14102564102564102
501   2   0.11282051282051282
601   1   0.1
601   2   0.09230769230769231
VP8.csv
5   1   0.44329896907216493
5   2   0.40893470790378006
7   1   0.436426116838488
7   2   0.4020618556701031
9   1   0.422680412371134
9   2   0.36769759450171824
13   1   0.41237113402061853
13   2   0.3642611683848797
15   1   0.41924398625429554
15   2   0.35051546391752575
17   1   0.422680412371134
17   2   0.3402061855670103
19   1   0.3951890034364261
19   2   0.3436426116838488
25   1   0.3711340206185567
25   2   0.33676975945017185
27   1   0.36769759450171824
27   2   0.30927835051546393
29   1   0.3436426116838488
29   2   0.29553264604810997
31   1   0.33676975945017185
31   2   0.3161512027491409
51   1   0.3402061855670103
51   2   0.24742268041237114
101   1   0.23024054982817868
101   2   0.19243986254295534
201   1   0.15463917525773196
201   2   0.12027491408934708
301   1   0.12027491408934708
301   2   0.09278350515463918
501   1   0.030927835051546393
501   2   0.024054982817869417
601   1   0.030927835051546393
601   2   0.024054982817869417
VP9.csv
5   1   0.5846153846153846
5   2   0.5512820512820513
7   1   0.5641025641025641
7   2   0.5205128205128206
9   1   0.5256410256410257
9   2   0.47692307692307695
13   1   0.4948717948717949
13   2   0.45897435897435895
15   1   0.49743589743589745
15   2   0.44871794871794873
17   1   0.46153846153846156
17   2   0.4307692307692308
19   1   0.4512820512820513
19   2   0.4025641025641026
25   1   0.4256410256410256
25   2   0.36666666666666664
27   1   0.4153846153846154
27   2   0.36153846153846153
29   1   0.4128205128205128
29   2   0.37435897435897436
31   1   0.41025641025641024
31   2   0.38461538461538464
51   1   0.36666666666666664
51   2   0.3153846153846154
101   1   0.30512820512820515
101   2   0.21794871794871795
201   1   0.24615384615384617
201   2   0.18974358974358974
301   1   0.19743589743589743
301   2   0.15128205128205127
501   1   0.11025641025641025
501   2   0.10256410256410256
601   1   0.09487179487179487
601   2   0.06666666666666667

Process finished with exit code 0

--------------------------------------------
C:\Users\kumar\PyCharmMiscProject\.venv\Scripts\python.exe C:\Users\kumar\PyCharmMiscProject\KNNfeatureanalysis.py 
EightByEightZone13.csv
5   1   0.717948717948718
5   2   0.7461538461538462
7   1   0.7102564102564103
7   2   0.7205128205128205
9   1   0.6948717948717948
9   2   0.7128205128205128
13   1   0.6794871794871795
13   2   0.6846153846153846
15   1   0.6615384615384615
15   2   0.6846153846153846
17   1   0.6641025641025641
17   2   0.6923076923076923
19   1   0.6384615384615384
19   2   0.6871794871794872
25   1   0.617948717948718
25   2   0.6692307692307692
27   1   0.6307692307692307
27   2   0.6461538461538462
29   1   0.6307692307692307
29   2   0.6487179487179487
31   1   0.6230769230769231
31   2   0.6461538461538462
51   1   0.5615384615384615
51   2   0.5717948717948718
101   1   0.46153846153846156
101   2   0.4641025641025641
201   1   0.32564102564102565
201   2   0.31794871794871793
301   1   0.258974358974359
301   2   0.23076923076923078
501   1   0.16666666666666666
501   2   0.13846153846153847
601   1   0.09743589743589744
601   2   0.09743589743589744
EightByEightZone14.csv
5   1   0.8307692307692308
5   2   0.823076923076923
7   1   0.8102564102564103
7   2   0.8076923076923077
9   1   0.782051282051282
9   2   0.764102564102564
13   1   0.7435897435897436
13   2   0.7615384615384615
15   1   0.7333333333333333
15   2   0.7564102564102564
17   1   0.7487179487179487
17   2   0.7512820512820513
19   1   0.7435897435897436
19   2   0.7333333333333333
25   1   0.7153846153846154
25   2   0.6974358974358974
27   1   0.7102564102564103
27   2   0.6871794871794872
29   1   0.7128205128205128
29   2   0.6846153846153846
31   1   0.7102564102564103
31   2   0.6846153846153846
51   1   0.6615384615384615
51   2   0.6333333333333333
101   1   0.5487179487179488
101   2   0.5256410256410257
201   1   0.35128205128205126
201   2   0.3717948717948718
301   1   0.28205128205128205
301   2   0.258974358974359
501   1   0.15384615384615385
501   2   0.15384615384615385
601   1   0.12051282051282051
601   2   0.1076923076923077
EightByEightZone15.csv
5   1   0.7435897435897436
5   2   0.7435897435897436
7   1   0.7230769230769231
7   2   0.735897435897436
9   1   0.7282051282051282
9   2   0.7307692307692307
13   1   0.7384615384615385
13   2   0.7025641025641025
15   1   0.717948717948718
15   2   0.6897435897435897
17   1   0.7205128205128205
17   2   0.676923076923077
19   1   0.7
19   2   0.6692307692307692
25   1   0.6641025641025641
25   2   0.6512820512820513
27   1   0.6564102564102564
27   2   0.6256410256410256
29   1   0.6384615384615384
29   2   0.6256410256410256
31   1   0.6230769230769231
31   2   0.6128205128205129
51   1   0.5794871794871795
51   2   0.5692307692307692
101   1   0.5128205128205128
101   2   0.5153846153846153
201   1   0.40512820512820513
201   2   0.37435897435897436
301   1   0.2717948717948718
301   2   0.26666666666666666
501   1   0.14615384615384616
501   2   0.1564102564102564
601   1   0.12307692307692308
601   2   0.12564102564102564
HP13.csv
5   1   0.6025641025641025
5   2   0.6076923076923076
7   1   0.6076923076923076
7   2   0.5820512820512821
9   1   0.5846153846153846
9   2   0.5820512820512821
13   1   0.5615384615384615
13   2   0.5435897435897435
15   1   0.5641025641025641
15   2   0.5538461538461539
17   1   0.541025641025641
17   2   0.5282051282051282
19   1   0.541025641025641
19   2   0.5282051282051282
25   1   0.5333333333333333
25   2   0.5282051282051282
27   1   0.5333333333333333
27   2   0.5230769230769231
29   1   0.5256410256410257
29   2   0.5051282051282051
31   1   0.5153846153846153
31   2   0.4897435897435897
51   1   0.4512820512820513
51   2   0.44871794871794873
101   1   0.43333333333333335
101   2   0.39487179487179486
201   1   0.33589743589743587
201   2   0.2846153846153846
301   1   0.2205128205128205
301   2   0.2358974358974359
501   1   0.09743589743589744
501   2   0.1
601   1   0.0641025641025641
601   2   0.06666666666666667
HP14.csv
5   1   0.5666666666666667
5   2   0.5641025641025641
7   1   0.5435897435897435
7   2   0.5153846153846153
9   1   0.5307692307692308
9   2   0.4948717948717949
13   1   0.5051282051282051
13   2   0.47435897435897434
15   1   0.5
15   2   0.4717948717948718
17   1   0.49230769230769234
17   2   0.4641025641025641
19   1   0.4846153846153846
19   2   0.4641025641025641
25   1   0.46923076923076923
25   2   0.45897435897435895
27   1   0.4641025641025641
27   2   0.441025641025641
29   1   0.4666666666666667
29   2   0.46153846153846156
31   1   0.4641025641025641
31   2   0.4641025641025641
51   1   0.3974358974358974
51   2   0.3974358974358974
101   1   0.39487179487179486
101   2   0.36666666666666664
201   1   0.2692307692307692
201   2   0.24358974358974358
301   1   0.20512820512820512
301   2   0.16153846153846155
501   1   0.06666666666666667
501   2   0.05384615384615385
601   1   0.05384615384615385
601   2   0.04358974358974359
HP15.csv
5   1   0.6461538461538462
5   2   0.6153846153846154
7   1   0.6256410256410256
7   2   0.5974358974358974
9   1   0.6128205128205129
9   2   0.5692307692307692
13   1   0.5717948717948718
13   2   0.5538461538461539
15   1   0.5615384615384615
15   2   0.5384615384615384
17   1   0.541025641025641
17   2   0.5307692307692308
19   1   0.5358974358974359
19   2   0.5333333333333333
25   1   0.5230769230769231
25   2   0.5256410256410257
27   1   0.5358974358974359
27   2   0.5153846153846153
29   1   0.5333333333333333
29   2   0.5205128205128206
31   1   0.5153846153846153
31   2   0.5205128205128206
51   1   0.48205128205128206
51   2   0.4564102564102564
101   1   0.4
101   2   0.38974358974358975
201   1   0.3487179487179487
201   2   0.32051282051282054
301   1   0.25384615384615383
301   2   0.2230769230769231
501   1   0.11538461538461539
501   2   0.09743589743589744
601   1   0.06923076923076923
601   2   0.07435897435897436
RawPixelFeatures13.csv
5   1   0.7205128205128205
5   2   0.7102564102564103
7   1   0.7102564102564103
7   2   0.7025641025641025
9   1   0.6846153846153846
9   2   0.676923076923077
13   1   0.6641025641025641
13   2   0.658974358974359
15   1   0.6487179487179487
15   2   0.6538461538461539
17   1   0.6358974358974359
17   2   0.6384615384615384
19   1   0.6358974358974359
19   2   0.6487179487179487
25   1   0.6307692307692307
25   2   0.6307692307692307
27   1   0.6358974358974359
27   2   0.6230769230769231
29   1   0.6128205128205129
29   2   0.617948717948718
31   1   0.6153846153846154
31   2   0.6128205128205129
51   1   0.5615384615384615
51   2   0.558974358974359
101   1   0.44871794871794873
101   2   0.4358974358974359
201   1   0.3
201   2   0.31794871794871793
301   1   0.2282051282051282
301   2   0.2153846153846154
501   1   0.1358974358974359
501   2   0.13076923076923078
601   1   0.09487179487179487
601   2   0.08974358974358974
RawPixelFeatures14.csv
5   1   0.7538461538461538
5   2   0.7564102564102564
7   1   0.7564102564102564
7   2   0.7512820512820513
9   1   0.7717948717948718
9   2   0.7692307692307693
13   1   0.7282051282051282
13   2   0.7205128205128205
15   1   0.7051282051282052
15   2   0.7076923076923077
17   1   0.7128205128205128
17   2   0.6974358974358974
19   1   0.6948717948717948
19   2   0.6846153846153846
25   1   0.6820512820512821
25   2   0.6820512820512821
27   1   0.6641025641025641
27   2   0.6615384615384615
29   1   0.6512820512820513
29   2   0.6410256410256411
31   1   0.6487179487179487
31   2   0.6333333333333333
51   1   0.6333333333333333
51   2   0.6307692307692307
101   1   0.5538461538461539
101   2   0.5538461538461539
201   1   0.3717948717948718
201   2   0.38461538461538464
301   1   0.28205128205128205
301   2   0.26666666666666666
501   1   0.19230769230769232
501   2   0.18717948717948718
601   1   0.12307692307692308
601   2   0.12307692307692308
RawPixelFeatures15.csv
5   1   0.7564102564102564
5   2   0.7512820512820513
7   1   0.7384615384615385
7   2   0.7461538461538462
9   1   0.7307692307692307
9   2   0.735897435897436
13   1   0.7128205128205128
13   2   0.7153846153846154
15   1   0.6974358974358974
15   2   0.7076923076923077
17   1   0.6948717948717948
17   2   0.6743589743589744
19   1   0.6820512820512821
19   2   0.6897435897435897
25   1   0.6641025641025641
25   2   0.6692307692307692
27   1   0.6487179487179487
27   2   0.658974358974359
29   1   0.6461538461538462
29   2   0.6487179487179487
31   1   0.6358974358974359
31   2   0.6564102564102564
51   1   0.5794871794871795
51   2   0.5743589743589743
101   1   0.48717948717948717
101   2   0.4846153846153846
201   1   0.41025641025641024
201   2   0.3923076923076923
301   1   0.2923076923076923
301   2   0.2923076923076923
501   1   0.1564102564102564
501   2   0.16153846153846155
601   1   0.12307692307692308
601   2   0.11794871794871795
TenByTenZone13.csv
5   1   0.676923076923077
5   2   0.7051282051282052
7   1   0.6871794871794872
7   2   0.6923076923076923
9   1   0.6666666666666666
9   2   0.6538461538461539
13   1   0.6153846153846154
13   2   0.6307692307692307
15   1   0.6205128205128205
15   2   0.6205128205128205
17   1   0.6205128205128205
17   2   0.6205128205128205
19   1   0.617948717948718
19   2   0.5846153846153846
25   1   0.5948717948717949
25   2   0.5948717948717949
27   1   0.5897435897435898
27   2   0.5948717948717949
29   1   0.5871794871794872
29   2   0.5897435897435898
31   1   0.5769230769230769
31   2   0.6
51   1   0.5230769230769231
51   2   0.5333333333333333
101   1   0.4564102564102564
101   2   0.44358974358974357
201   1   0.3435897435897436
201   2   0.3384615384615385
301   1   0.24615384615384617
301   2   0.24871794871794872
501   1   0.13846153846153847
501   2   0.12307692307692308
601   1   0.11538461538461539
601   2   0.11282051282051282
TenByTenZone14.csv
5   1   0.7461538461538462
5   2   0.7564102564102564
7   1   0.735897435897436
7   2   0.7410256410256411
9   1   0.7538461538461538
9   2   0.735897435897436
13   1   0.6923076923076923
13   2   0.6948717948717948
15   1   0.7
15   2   0.7128205128205128
17   1   0.676923076923077
17   2   0.6743589743589744
19   1   0.6743589743589744
19   2   0.6820512820512821
25   1   0.6666666666666666
25   2   0.6948717948717948
27   1   0.676923076923077
27   2   0.6948717948717948
29   1   0.6564102564102564
29   2   0.658974358974359
31   1   0.6512820512820513
31   2   0.658974358974359
51   1   0.5846153846153846
51   2   0.6076923076923076
101   1   0.4897435897435897
101   2   0.49743589743589745
201   1   0.3128205128205128
201   2   0.3128205128205128
301   1   0.26153846153846155
301   2   0.22564102564102564
501   1   0.1358974358974359
501   2   0.1358974358974359
601   1   0.09743589743589744
601   2   0.10512820512820513
TenByTenZone15.csv
5   1   0.7076923076923077
5   2   0.7076923076923077
7   1   0.6948717948717948
7   2   0.7
9   1   0.676923076923077
9   2   0.6846153846153846
13   1   0.6794871794871795
13   2   0.676923076923077
15   1   0.6717948717948717
15   2   0.6692307692307692
17   1   0.6666666666666666
17   2   0.6384615384615384
19   1   0.6538461538461539
19   2   0.6358974358974359
25   1   0.6461538461538462
25   2   0.6205128205128205
27   1   0.6256410256410256
27   2   0.6
29   1   0.6205128205128205
29   2   0.6025641025641025
31   1   0.6128205128205129
31   2   0.6076923076923076
51   1   0.5615384615384615
51   2   0.5641025641025641
101   1   0.5333333333333333
101   2   0.5205128205128206
201   1   0.4128205128205128
201   2   0.37435897435897436
301   1   0.28974358974358977
301   2   0.2641025641025641
501   1   0.15128205128205127
501   2   0.14615384615384616
601   1   0.1282051282051282
601   2   0.10512820512820513
VP13.csv
5   1   0.3871794871794872
5   2   0.34102564102564104
7   1   0.38974358974358975
7   2   0.3230769230769231
9   1   0.3769230769230769
9   2   0.31794871794871793
13   1   0.34615384615384615
13   2   0.31025641025641026
15   1   0.34102564102564104
15   2   0.3076923076923077
17   1   0.3282051282051282
17   2   0.2948717948717949
19   1   0.3282051282051282
19   2   0.3128205128205128
25   1   0.32051282051282054
25   2   0.28717948717948716
27   1   0.31794871794871793
27   2   0.28717948717948716
29   1   0.30256410256410254
29   2   0.2846153846153846
31   1   0.3
31   2   0.2794871794871795
51   1   0.27692307692307694
51   2   0.24102564102564103
101   1   0.2128205128205128
101   2   0.19230769230769232
201   1   0.17692307692307693
201   2   0.13846153846153847
301   1   0.14358974358974358
301   2   0.11538461538461539
501   1   0.1
501   2   0.10256410256410256
601   1   0.08717948717948718
601   2   0.07435897435897436
VP14.csv
5   1   0.5564102564102564
5   2   0.5333333333333333
7   1   0.517948717948718
7   2   0.4846153846153846
9   1   0.5128205128205128
9   2   0.47435897435897434
13   1   0.4461538461538462
13   2   0.4256410256410256
15   1   0.44871794871794873
15   2   0.4205128205128205
17   1   0.43846153846153846
17   2   0.4076923076923077
19   1   0.4307692307692308
19   2   0.41025641025641024
25   1   0.4307692307692308
25   2   0.38461538461538464
27   1   0.4256410256410256
27   2   0.3769230769230769
29   1   0.4230769230769231
29   2   0.36153846153846153
31   1   0.4205128205128205
31   2   0.36923076923076925
51   1   0.3769230769230769
51   2   0.32051282051282054
101   1   0.30512820512820515
101   2   0.23846153846153847
201   1   0.24615384615384617
201   2   0.19487179487179487
301   1   0.19743589743589743
301   2   0.14871794871794872
501   1   0.11794871794871795
501   2   0.08717948717948718
601   1   0.09743589743589744
601   2   0.06923076923076923
VP15.csv
5   1   0.36923076923076925
5   2   0.3282051282051282
7   1   0.3487179487179487
7   2   0.31794871794871793
9   1   0.32051282051282054
9   2   0.3153846153846154
13   1   0.3282051282051282
13   2   0.28717948717948716
15   1   0.33076923076923076
15   2   0.29743589743589743
17   1   0.3230769230769231
17   2   0.2743589743589744
19   1   0.31794871794871793
19   2   0.2692307692307692
25   1   0.30512820512820515
25   2   0.2641025641025641
27   1   0.30256410256410254
27   2   0.27692307692307694
29   1   0.3
29   2   0.2794871794871795
31   1   0.3153846153846154
31   2   0.2717948717948718
51   1   0.27692307692307694
51   2   0.26666666666666666
101   1   0.2512820512820513
101   2   0.2076923076923077
201   1   0.2
201   2   0.1717948717948718
301   1   0.19487179487179487
301   2   0.16153846153846155
501   1   0.14102564102564102
501   2   0.12051282051282051
601   1   0.10256410256410256
601   2   0.08974358974358974

Process finished with exit code 0

C:\Users\kumar\PyCharmMiscProject\.venv\Scripts\python.exe C:\Users\kumar\PyCharmMiscProject\KNNfeatureanalysis.py 
EightByEightZone16.csv
5   1   0.8769230769230769
5   2   0.8743589743589744
7   1   0.8666666666666667
7   2   0.8769230769230769
9   1   0.8512820512820513
9   2   0.8589743589743589
13   1   0.8358974358974359
13   2   0.8384615384615385
15   1   0.8179487179487179
15   2   0.8487179487179487
17   1   0.8179487179487179
17   2   0.8256410256410256
19   1   0.7948717948717948
19   2   0.8153846153846154
25   1   0.7743589743589744
25   2   0.8076923076923077
27   1   0.7692307692307693
27   2   0.8076923076923077
29   1   0.764102564102564
29   2   0.7897435897435897
31   1   0.7487179487179487
31   2   0.7923076923076923
51   1   0.7128205128205128
51   2   0.7256410256410256
101   1   0.6076923076923076
101   2   0.5974358974358974
201   1   0.4641025641025641
201   2   0.4461538461538462
301   1   0.3
301   2   0.30256410256410254
501   1   0.1564102564102564
501   2   0.16153846153846155
601   1   0.09230769230769231
601   2   0.08461538461538462
HP16.csv
5   1   0.6435897435897436
5   2   0.6435897435897436
7   1   0.6512820512820513
7   2   0.6384615384615384
9   1   0.6282051282051282
9   2   0.6435897435897436
13   1   0.6256410256410256
13   2   0.6051282051282051
15   1   0.6153846153846154
15   2   0.6
17   1   0.6051282051282051
17   2   0.5820512820512821
19   1   0.6102564102564103
19   2   0.5692307692307692
25   1   0.5948717948717949
25   2   0.5615384615384615
27   1   0.5871794871794872
27   2   0.5512820512820513
29   1   0.5769230769230769
29   2   0.5487179487179488
31   1   0.5512820512820513
31   2   0.541025641025641
51   1   0.5358974358974359
51   2   0.5153846153846153
101   1   0.4897435897435897
101   2   0.48717948717948717
201   1   0.3564102564102564
201   2   0.35384615384615387
301   1   0.20256410256410257
301   2   0.2153846153846154
501   1   0.09743589743589744
501   2   0.06666666666666667
601   1   0.06153846153846154
601   2   0.06923076923076923
RawPixelFeatures16.csv
5   1   0.8358974358974359
5   2   0.841025641025641
7   1   0.8256410256410256
7   2   0.823076923076923
9   1   0.823076923076923
9   2   0.8179487179487179
13   1   0.7923076923076923
13   2   0.7923076923076923
15   1   0.7794871794871795
15   2   0.7897435897435897
17   1   0.7769230769230769
17   2   0.7769230769230769
19   1   0.7717948717948718
19   2   0.7717948717948718
25   1   0.7615384615384615
25   2   0.7564102564102564
27   1   0.7461538461538462
27   2   0.7435897435897436
29   1   0.7512820512820513
29   2   0.7461538461538462
31   1   0.7435897435897436
31   2   0.7435897435897436
51   1   0.6846153846153846
51   2   0.6794871794871795
101   1   0.6205128205128205
101   2   0.6282051282051282
201   1   0.4641025641025641
201   2   0.4666666666666667
301   1   0.3128205128205128
301   2   0.32051282051282054
501   1   0.2
501   2   0.20256410256410257
601   1   0.12564102564102564
601   2   0.12564102564102564
TenByTenZone16.csv
5   1   0.8205128205128205
5   2   0.8256410256410256
7   1   0.8051282051282052
7   2   0.8205128205128205
9   1   0.7846153846153846
9   2   0.8
13   1   0.7769230769230769
13   2   0.7846153846153846
15   1   0.7769230769230769
15   2   0.782051282051282
17   1   0.7538461538461538
17   2   0.7923076923076923
19   1   0.7487179487179487
19   2   0.7615384615384615
25   1   0.7435897435897436
25   2   0.7512820512820513
27   1   0.7307692307692307
27   2   0.7435897435897436
29   1   0.7384615384615385
29   2   0.7461538461538462
31   1   0.7128205128205128
31   2   0.7333333333333333
51   1   0.6538461538461539
51   2   0.6871794871794872
101   1   0.5769230769230769
101   2   0.5923076923076923
201   1   0.4205128205128205
201   2   0.4307692307692308
301   1   0.3076923076923077
301   2   0.31794871794871793
501   1   0.15897435897435896
501   2   0.1564102564102564
601   1   0.11538461538461539
601   2   0.1076923076923077
VP16.csv
5   1   0.6358974358974359
5   2   0.5948717948717949
7   1   0.6102564102564103
7   2   0.5358974358974359
9   1   0.5641025641025641
9   2   0.5358974358974359
13   1   0.5461538461538461
13   2   0.5051282051282051
15   1   0.5205128205128206
15   2   0.4948717948717949
17   1   0.5153846153846153
17   2   0.47435897435897434
19   1   0.5051282051282051
19   2   0.45897435897435895
25   1   0.4641025641025641
25   2   0.4512820512820513
27   1   0.46153846153846156
27   2   0.4307692307692308
29   1   0.4717948717948718
29   2   0.4153846153846154
31   1   0.4641025641025641
31   2   0.4076923076923077
51   1   0.4153846153846154
51   2   0.35384615384615387
101   1   0.3564102564102564
101   2   0.24615384615384617
201   1   0.26153846153846155
201   2   0.19487179487179487
301   1   0.2230769230769231
301   2   0.17435897435897435
501   1   0.13076923076923078
501   2   0.10512820512820513
601   1   0.08974358974358974
601   2   0.07692307692307693

Process finished with exit code 0


